sid,year,month,day,hour,time,lat,lon,x,y,p_cent,p_edge,depth,p_grad,DsqP,radius,area,Dp,DpDt,u,v,uv,Ege,Ely,Emg,Esp,Erg,id,pid,type,centers
0,1954,2,24,6,19777.25,49.987507986308486,-113.41366375089832,199,429,1005.9529744247643,1007.9529744247643,2.0,8.710392348404712,14.582414773485796,102.68405416537693,33125,,,,,,3,0,0,0,0,11,11,1,1
0,1954,2,24,9,19777.375,49.861858218876996,-112.98416120222437,198,428,1003.5928795702266,1007.5928795702266,4.0,11.192295050157911,12.048120682180452,173.8949084575512,95000,-2.3600948545376013,-21.38833030893066,10.262217087685787,-4.657205557483543,11.269545827558703,0,0,0,0,0,9,9,1,1
0,1954,2,24,12,19777.5,49.512556328385706,-112.43299092212538,196,427,1003.975016044548,1009.975016044548,6.0,9.76626295877367,20.020601844732447,282.0947917738781,250000,0.3821364743214508,3.4810665520841133,13.264213278610999,-12.946866029995011,18.535390308788187,0,0,0,0,0,16,16,1,1
0,1954,2,24,15,19777.625,47.394502163869745,-109.99628705525687,185,423,1001.9918811091411,1007.9918811091411,6.0,11.213339141513398,13.49410228821718,255.44769849751455,205000,-1.9831349354069971,-18.66706796264009,61.13686271015863,-78.505625817518,99.50301134659661,0,0,0,0,0,18,18,1,1
0,1954,2,24,18,19777.75,46.722902285079265,-108.72334796197492,181,420,1001.4276316730339,1007.4276316730339,6.0,11.4854873582353,15.67184795539586,352.0538480585229,389375,-0.5642494361072022,-5.369482535890848,32.34382816303888,-24.892833085534207,40.81392359556299,0,0,0,0,0,17,17,1,1
0,1954,2,24,21,19777.875,44.81508494844855,-104.00085386185683,169,407,997.6593510087191,1005.6593510087191,8.0,12.374858243188614,10.154584440373364,385.2427603903705,466250,-3.768280664314807,-37.04119793399816,124.1527001769138,-70.71320293262313,142.87844494607643,0,0,0,0,0,15,15,1,1
0,1954,2,25,0,19778.0,42.94596074521968,-102.02609241949062,160,402,996.5847546535479,1004.5847546535479,8.0,13.173090899220911,7.105943206940793,360.4306067730092,408125,-1.0745963551712339,-10.927537877614764,53.576883671129046,-69.27904288920116,87.5789258186778,0,0,0,0,0,11,11,1,1
0,1954,2,25,3,19778.125,41.933836350974836,-100.661939976606,155,398,996.8807491268593,1004.8807491268593,8.0,13.334150035202013,15.955540812213076,413.63216004535656,537500,0.2959944733114389,3.0686754451261486,37.613741823200186,-37.51436592440795,53.12364092052369,0,0,0,0,0,15,15,1,1
0,1954,2,25,6,19778.25,40.92913049010267,-99.08494360802817,150,393,999.0871728315993,1005.0871728315993,6.0,11.909892077371403,11.315127545896758,427.58536092435946,574375,2.2064237047400095,23.333793271928858,44.16058036403936,-37.23939816634624,57.76616339935041,0,0,0,0,0,16,16,1,1
0,1954,2,25,9,19778.375,40.160296442795676,-97.33960628003119,146,387,999.1759637347551,1007.1759637347551,8.0,11.845990076550256,5.879206288433925,567.8800079593866,1013125,0.08879090315575013,0.9538447383628512,49.438768993649894,-28.496815164046634,57.06365177677745,0,0,0,0,0,17,17,1,1
0,1954,2,25,12,19778.5,39.40906449417455,-94.86173214380297,142,378,997.6645988814888,1007.6645988814888,10.0,13.990639577109075,5.85402008297664,559.7644988851731,984375,-1.5113648532662773,-16.493655833068843,70.95821040769665,-27.844393806658555,76.22583479846735,0,0,0,0,0,11,11,1,1
0,1954,2,25,15,19778.625,39.25180746008338,-93.53551960806361,141,373,997.6101756204097,1007.6101756204097,10.0,14.385394188545398,9.378822637050106,512.2564908546913,824375,-0.0544232610790641,-0.5959185716129682,38.064750724776616,-5.828728123369595,38.50843179455042,0,0,0,0,0,12,12,1,1
0,1954,2,25,18,19778.75,38.590105795227764,-91.42240201367798,138,365,995.6978071714007,1005.6978071714007,10.0,15.148526226301636,4.283112949404021,498.4783394513965,780625,-1.9123684490090818,-21.241509170824447,61.217843213707404,-24.525956028067384,65.94806173670881,0,0,0,0,0,10,10,1,1
0,1954,2,25,21,19778.875,38.575444700182906,-88.06070322881602,138,352,992.9312400309209,1002.9312400309209,10.0,15.842300615367833,6.270699492439088,464.60078730925875,678125,-2.7665671404797467,-30.739323732675015,97.40632663176498,-0.5434131293471309,97.40784242412535,0,0,0,0,0,11,11,1,1
0,1954,2,26,0,19779.0,38.72105858895464,-85.97901984958992,139,344,992.3059585841779,1002.3059585841779,10.0,16.528941977348246,10.181933995913642,443.7952704527398,618750,-0.625281446743029,-6.925456356574183,60.19706241670313,5.397175226800471,60.43852930068071,0,0,0,0,0,8,8,1,1
0,1954,2,26,3,19779.125,39.06764290350248,-84.12069950552456,141,337,991.721084648503,1003.721084648503,12.0,16.905501337967937,12.702935933920017,495.47603344586565,771250,-0.584873935674841,-6.429521965809608,53.47658122923039,12.846139144100556,54.99789114935289,0,0,0,0,0,10,10,1,1
0,1954,2,26,6,19779.25,39.63530594267076,-82.46631883010807,144,331,991.1257914927462,1001.1257914927462,10.0,16.813050082655742,13.066811912452394,409.0374480721233,525625,-0.5952931557568081,-6.465465763412028,47.22278600365868,21.040416666381443,51.69807202829023,0,0,0,0,0,6,6,1,1
0,1954,2,26,9,19779.375,40.51985974357926,-79.89888165229175,149,322,990.8973630894662,1002.8973630894662,12.0,15.828180222389514,10.924092311875574,546.4562763626826,938125,-0.22842840327997693,-2.4358476146688246,72.3377682115107,32.7859650017287,79.42085501250178,0,0,0,0,0,5,5,1,1
0,1954,2,26,12,19779.5,40.82308669221333,-78.74292339614561,151,318,993.3488679703263,1003.3488679703263,10.0,13.994274581262053,7.292165391885355,521.4940162727432,854375,2.4515048808600115,25.981122232673577,32.4223621004579,11.239099436672817,34.31511212746693,0,0,0,0,0,7,7,1,1
0,1954,2,26,15,19779.625,41.95752369616728,-76.79891282429442,157,312,995.3304530346809,1005.3304530346809,10.0,11.703316839038076,9.046205453018702,585.6440065116644,1077500,1.9815850643545856,20.534318247159508,53.581660522683414,42.04787981251084,68.11034092628995,0,0,0,0,0,8,8,1,1
0,1954,2,26,18,19779.75,40.16260274337334,-75.60868864107793,151,306,995.6245640441214,1005.6245640441214,10.0,12.249626959087257,4.187326776647169,632.8298551387899,1258125,0.2941110094405303,3.1593648484170562,33.713669474198134,-66.5287012262344,74.58337345725951,0,0,0,0,0,6,6,1,1
0,1954,2,26,21,19779.875,41.10078707508117,-74.2220807301278,156,302,996.29179743952,1004.29179743952,8.0,10.903952637299918,6.286451403481988,501.46267067967744,790000,0.6672333953986527,7.031989418585493,38.72820775131868,34.773779314442066,52.04891740890313,0,0,0,0,0,7,7,1,1
0,1954,2,27,0,19780.0,40.98746768496011,-72.84757825978816,157,297,999.2639844140452,1003.2639844140452,4.0,9.036141354103993,3.4412607891119844,293.5006183102318,270625,2.972186974525248,31.395191023693634,38.45627223533409,-4.200180423972512,38.68496335570256,0,0,0,0,0,7,7,1,1
0,1954,2,27,3,19780.125,41.15693389342389,-71.65082323802513,159,293,1000.2815604954792,1004.2815604954792,4.0,8.81263408348318,3.70227345618172,296.19953136257203,275625,1.0175760814339447,10.71223179986775,33.397080650942065,6.281260872954027,33.98263136014679,0,0,0,0,0,6,6,1,1
0,1954,2,27,6,19780.25,41.30337246104839,-70.44680709739713,161,289,1001.1311987503941,1003.1311987503941,2.0,8.838826932555527,3.587276410226259,227.4320920733615,162500,0.8496382549148984,8.918268595322077,33.52453341459093,5.427741928313287,33.961076589330816,0,0,0,0,0,4,4,1,1
0,1954,2,27,9,19780.375,38.603641727791775,-66.73348328283066,156,272,1001.6688733332229,1003.6688733332229,2.0,9.091235824981306,3.8969894178527467,215.29950574842135,145625,0.5376745828287676,5.97041838982964,107.55120140784793,-100.0654536148433,146.90253888689543,0,0,0,0,0,4,4,1,1
0,1954,2,27,12,19780.5,39.00635977644623,-65.12477162212166,160,267,1002.5277181711316,1002.5277181711316,0.0,9.71458703453976,5.270807749819723,14.104739588693906,625,0.8588448379086913,9.453747563402125,46.33400375976781,14.926734626190695,48.679023316115305,0,0,0,0,0,4,4,1,1
0,1954,2,27,15,19780.625,39.027916397048934,-63.959514039340675,162,263,1002.9131048052125,1004.9131048052125,2.0,9.974133830627732,7.260028475258441,145.21718204012956,66250,0.3853866340809327,4.240179928555449,33.55164704446997,0.7989956155407637,33.561159297472784,0,0,0,0,0,4,4,1,1
0,1954,2,27,18,19780.75,39.017704560325264,-62.21111527535334,165,257,1003.1571956415646,1003.1571956415646,0.0,9.512849612248427,6.561253099877068,14.104739588693906,625,0.24409083635211573,2.686176971572564,50.349065970294355,-0.3785014784647589,50.35048865155385,0,0,0,0,0,4,4,1,1
0,1954,2,27,21,19780.875,39.222218189449734,-61.50436138175502,167,255,1004.0806770895027,1004.0806770895027,0.0,9.43699882975292,8.49313475777315,14.104739588693906,625,0.923481447938102,10.118244497679761,20.293829801423772,7.580292662769239,21.663341498078932,0,0,0,0,0,4,4,1,1
0,1954,2,28,0,19781.0,39.57010141469037,-59.487737507131925,172,249,,,,12.029033583346308,,0.0,0,-1.07729794200146,,57.61651887410475,12.894283237168498,59.04172920376226,0,2,2,0,0,4,5,0,0
1,1954,2,24,12,19777.5,30.669798666868502,-84.43605846854447,108,335,1008.2386343898467,1010.2386343898467,2.0,7.703823492370878,6.633293342420729,203.42144725641097,130000,,,,,,3,0,0,0,0,11,11,1,1
1,1954,2,24,15,19777.625,30.302908030995276,-83.56020682549685,107,331,1007.3219794654418,1009.3219794654418,2.0,8.876926531682214,8.206917581472881,151.91269449366246,72500,-0.9166549244048656,-12.586466548533638,28.02787134517085,-13.598792447499518,31.152668074686947,0,0,0,0,0,12,12,1,1
1,1954,2,24,18,19777.75,31.138080416003234,-82.09597902975283,111,325,1004.2057184291626,1008.2057184291626,4.0,9.563078404965605,5.297624392806393,307.0819170546322,296250,-3.116261036279175,-41.75206565129615,46.451976969098084,30.955644028840258,55.82148387115746,0,0,0,0,0,10,10,1,1
1,1954,2,24,21,19777.875,31.613823967298522,-81.80482580611812,113,324,1001.063945452775,1005.063945452775,4.0,10.721076317802108,6.766474761601639,259.6957972998228,211875,-3.141772976387729,-41.52460741705567,9.190118107249623,17.633423095967192,19.88456388524995,0,0,0,0,0,8,8,1,1
1,1954,2,25,0,19778.0,31.92641841379472,-80.5946884990431,115,319,1001.1589631027252,1005.1589631027252,4.0,10.003672539588731,4.1154422860216435,325.0216815494707,331875,0.09501764995031409,1.2448271204480164,38.06839877125897,11.586305515880401,39.79253021001444,0,0,0,0,0,6,6,1,1
1,1954,2,25,3,19778.125,31.74143682777636,-77.33367268264749,117,305,997.6995945703467,1005.6995945703467,8.0,14.473098411280331,10.761710352765657,479.56114601559284,722500,-3.459368532378576,-45.557514404373805,102.78728796887766,-6.85633796263523,103.01570724047306,0,0,0,0,0,7,7,1,1
1,1954,2,25,6,19778.25,32.62915471157876,-76.67247569733918,121,303,990.6242637739507,1004.6242637739507,14.0,20.442929560152066,25.785128783336404,511.86797620581103,823125,-7.075330796396011,-90.91132198486046,20.639436923100767,32.90324165682346,38.84082475990923,0,0,0,0,0,9,9,1,1
1,1954,2,25,9,19778.375,32.38420865230885,-75.76608828891008,121,299,987.1158338501549,997.1158338501549,10.0,23.039665262698243,34.76536684262152,243.0766805410715,185625,-3.508429923795775,-45.38346661806063,28.37026382548913,-9.078919697463803,29.787558684807543,0,0,0,0,0,9,9,1,1
1,1954,2,25,12,19778.5,32.09404804254732,-73.91132514916639,122,291,989.247967276864,999.247967276864,10.0,21.544611849107394,17.20087410607819,316.3363249281201,314375,2.1321334267090424,27.802672007508317,58.239956056620294,-10.754795905857803,59.22464112557981,0,0,0,0,0,4,4,1,1
1,1954,2,25,15,19778.625,32.14721099079244,-71.71177500363085,125,282,990.7808654322979,998.7808654322979,8.0,20.5926831136031,13.531882344767364,325.6331998352982,333125,1.5328981554339407,19.959220958956266,69.02577128883505,1.9704833767749055,69.05389132233397,0,0,0,1,0,4,4,1,2
1,1954,2,25,18,19778.75,32.67843249357512,-69.56717132060132,130,274,989.3166744965247,997.3166744965247,8.0,20.619815310879442,14.932693430135185,345.78194139918065,375625,-1.464190935773222,-18.788239528109326,66.9064468714206,19.689712011310807,69.74351146914374,0,0,0,0,0,4,4,1,2
1,1954,2,25,21,19778.875,33.45363398420168,-67.516791923161,136,267,989.0215835777857,1001.0215835777857,12.0,20.5377262781523,12.436518270252854,551.5295866808824,955625,-0.29509091873900617,-3.7086719002185196,63.40593460186301,28.732824294990973,69.61241078071174,0,0,0,0,0,4,4,1,2
1,1954,2,26,0,19779.0,37.2045349677028,-65.40988283380399,153,265,986.942484793066,998.942484793066,12.0,21.808505020219382,13.78757199410138,463.74358955453346,675625,-2.7688697913329814,-31.72563780593681,88.47910985483794,23.500578519942962,91.54687363026925,0,0,0,0,2,3,3,1,1
1,1954,2,26,3,19779.125,38.2356786664106,-64.64160226226745,158,264,988.2916396198837,998.2916396198837,10.0,20.150100768587617,10.158270456588362,390.6274461547149,479375,1.3491548268176847,15.10301264308481,22.367262676956603,38.2193159792711,44.28329881098904,0,0,0,0,0,4,4,1,1
1,1954,2,26,6,19779.25,38.24465890428716,-64.06707319912421,159,262,987.7884560541679,999.7884560541679,12.0,20.429076250722726,5.577971460787376,460.29883553088166,665625,-0.5031835657157353,-5.631730542062671,16.724452014189215,0.3328522973115585,16.72776392189773,0,0,0,0,0,2,2,1,1
1,1954,2,26,9,19779.375,38.01600197853845,-62.46198716066636,161,256,987.3191771621538,1001.3191771621538,14.0,21.706974664320693,3.9594068640429767,504.8235856473997,800625,-0.46927889201411743,-5.279033975292184,46.86989716117484,-8.47516336179962,47.62998691904393,0,0,0,0,0,2,2,1,1
1,1954,2,26,12,19779.5,38.78323079442108,-61.75197039657591,165,255,987.0952163209057,1005.0952163209057,18.0,23.122755034244854,6.270890981479678,594.5779321021531,1110625,-0.22396084124804475,-2.477181425823295,20.514419436404378,28.43731730055365,35.06454648309448,0,0,0,0,0,4,4,1,1
1,1954,2,26,15,19779.625,38.88394987808658,-61.39991436606213,166,254,987.7626648365627,1005.7626648365627,18.0,23.05070803585102,7.524611430785373,582.7493971016457,1066875,0.6674485156570154,7.366396821480707,10.157543244285236,3.7331503732977906,10.821834246983183,0,0,0,0,0,4,4,1,1
1,1954,2,26,18,19779.75,39.200603019529645,-60.91999883719921,168,253,987.9156290213,1005.9156290213,18.0,22.325446959988767,7.795198580560535,605.8474127250884,1153125,0.15296418473721132,1.6767470729399272,13.784622579711517,11.736740944843397,18.104333947192206,0,0,0,0,0,3,3,1,1
1,1954,2,26,21,19779.875,39.22904539308156,-59.39517865967304,171,248,989.5363162309815,1005.5363162309815,16.0,22.10971300550491,6.1534251404937095,571.8945777447492,1027500,1.6206872096814913,17.75467823342621,43.779234619388276,1.0542158802342536,43.79192568249977,0,0,0,0,0,4,4,1,1
1,1954,2,27,0,19780.0,39.82439808547066,-58.40116186672197,175,246,990.7786221325252,1004.6595366019968,13.880914469471609,21.89297961856395,4.934240891803492,521.4940162727432,854375,1.242305901543732,13.439183690010962,28.29583906962447,22.066732985948672,35.88307697685974,0,0,0,1,0,4,5,2,0
1,1954,2,27,3,19780.125,40.92913049010267,-58.29519144393141,179,248,990.8780432243744,1002.8780432243744,12.0,21.590095702733525,3.663156195897973,471.19119857356634,697500,0.09942109184921719,1.0514169146639238,2.967526482462255,40.94687956497441,41.054270904896526,0,0,0,0,0,3,3,1,1
1,1954,2,27,6,19780.25,41.73756446596643,-58.70696100407981,181,251,991.1002998242964,1003.1002998242964,12.0,21.28157915770382,4.5428792543670715,469.7111238422398,693125,0.22225659992196597,2.313043815706942,-11.388692887882268,29.96458554771305,32.055868616225546,0,0,0,0,0,2,2,1,1
1,1954,2,27,9,19780.375,42.237693384123276,-58.03865658302297,184,250,991.3061644504357,1003.3061644504357,12.0,21.691187084238802,7.482936469507841,463.31439595073437,674375,0.20586462613937329,2.1217724166993355,18.339241507370737,18.537266122424693,26.076004570471756,0,0,0,0,0,3,3,1,1
1,1954,2,27,12,19780.5,43.25231364060837,-58.309178695400476,187,253,991.8616812257522,1003.8616812257522,12.0,22.82459027331357,6.951381390502938,446.9222008138874,627500,0.5555167753165006,5.616846844544126,-7.303018969681486,37.606874997314456,38.309413113948416,0,0,0,0,0,3,3,1,1
1,1954,2,27,15,19780.625,44.053116686343984,-58.74065307484284,189,256,992.3061276594618,1004.3061276594618,12.0,22.852219837591818,6.724172937292751,433.13264616000913,589375,0.4444464337095269,4.428454991119344,-11.49378742140647,29.68174530910364,31.8294384789141,0,0,0,0,0,3,3,1,1
1,1954,2,27,18,19780.75,44.93185156468342,-58.78538789257917,192,258,992.7880529351554,1002.7880529351554,10.0,22.692994346174515,6.226727154734472,365.3644872156122,419375,0.48192527569364757,4.727510390861848,-1.1738438504865678,32.5702867789895,32.5914327738279,0,0,0,0,0,5,5,1,1
1,1954,2,27,21,19780.875,45.80764063334928,-58.83179909203045,195,260,993.9363589990264,1005.9363589990264,12.0,22.673234089066643,8.029797687049358,425.01865889546684,567500,1.1483060638709868,11.095757539955626,-1.1991198191934416,32.461100415468884,32.483240733090916,0,0,0,0,0,5,5,1,1
1,1954,2,28,0,19781.0,46.38890924651018,-59.450297900489275,196,263,999.7654691822428,1013.7654691822428,14.0,17.22501019917514,7.439856988842949,821.9566493587699,2122500,5.8291101832163985,55.7777907055077,-15.81245497996224,21.544706933736997,26.72467267066049,0,0,2,0,0,5,5,1,2
1,1954,2,28,3,19781.125,47.05120086996068,-59.666419113786624,198,265,1002.9830291648763,1014.9830291648763,12.0,14.406324909070179,7.962857573143774,859.3479713983122,2320000,3.217559982633393,30.454973469137762,-5.457927374017654,24.547822828961376,25.147257839814834,0,0,0,0,0,5,5,1,2
1,1954,2,28,6,19781.25,47.412700177801355,-60.465693623528885,198,268,1006.2969920031214,1014.5548194772682,8.257827474146762,10.733558523634898,3.6852510804829945,792.3801174294614,1972500,3.3139628382452067,31.184921306227512,-20.04758929619205,13.398963005800802,24.113026484031668,0,0,0,0,0,6,4,2,0
1,1954,2,28,9,19781.375,39.924307593368326,-57.081669873148094,178,242,1004.860245324245,1014.860245324245,10.0,12.200040452721323,8.050136437086913,768.15815527351,1853750,0.30542584697686836,3.2971870234029126,24.76065230429825,13.425289620800163,28.166084284769063,0,0,0,0,2,3,3,1,1
1,1954,2,28,12,19781.5,42.80294948400986,-56.970261373467366,188,248,1009.9728114644358,1013.9728114644358,4.0,9.488169897328127,3.9079719437536546,422.9070433316492,561875,5.112566140190756,52.12948945581068,3.0296851950493133,106.69679128861317,106.73979700030809,0,0,0,0,0,5,5,1,1
1,1954,2,28,15,19781.625,43.142383438137514,-57.052976010392804,189,249,1010.8873780091228,1016.8206895619433,5.933311552820523,9.774742449270123,3.163700805641275,603.8739631407411,1145625,0.914566544686968,9.266124379060965,-2.236992902159293,12.581111209965432,12.77843873569181,0,0,0,0,0,6,4,2,0
1,1954,2,28,18,19781.75,40.52797460481329,-54.71156818123903,185,236,1011.3674402680693,1017.3674402680693,6.0,9.318837431695046,4.889567585515906,585.6440065116644,1077500,0.4800622589465638,5.118298592889617,65.96177680196601,-96.90299948012441,117.22263990849794,0,0,1,0,0,2,2,1,1
1,1954,2,28,21,19781.875,40.87317445685849,-54.775924875537505,186,237,1012.624224449273,1018.624224449273,6.0,9.27890111453662,4.387863941972537,575.881161931641,1041875,1.256784181203693,13.305976649527818,-1.8037282092424685,12.79482407529313,12.921337336766568,0,0,0,0,0,1,1,1,1
1,1954,3,1,0,19782.0,41.419581985300425,-54.68415210437812,188,238,1014.4280348518616,1018.4280348518616,4.0,8.679529763532477,3.3341524701321763,444.46717889267717,620625,1.8038104025885695,18.890214500222967,2.550775372298999,20.25258168104499,20.41258238801074,0,0,0,0,0,2,2,1,1
1,1954,3,1,3,19782.125,41.76354237359596,-54.749436739950376,189,239,1015.1046091687181,1019.1046091687181,4.0,8.604918313946833,4.94302507322871,427.58536092435946,574375,0.6765743168564222,7.03759203354212,-1.8049088719005961,12.748883381718546,12.876013494732165,0,0,0,0,0,2,2,1,1
1,1954,3,1,6,19782.25,42.18655448284793,-55.42734794874674,189,242,1015.3950542058872,1019.3950542058872,4.0,8.439837534053966,4.66112229979044,500.07219912042757,785625,0.29044503716912007,2.9964590146152625,-18.617932345545558,15.678933486011243,24.340426456454622,0,0,0,0,0,2,2,1,1
1,1954,3,1,9,19782.375,42.46414708732032,-55.88552705465874,189,244,1015.8906822224916,1017.8906822224916,2.0,7.831436979826625,4.168586934829291,290.4343640802591,265000,0.4956280166044598,5.0861583995888955,-12.527898363561409,10.288963097126262,16.211446543160505,0,0,0,0,0,4,4,1,1
1,1954,3,1,12,19782.5,42.7381610268522,-56.34872446505502,189,246,1016.314158401137,1020.314158401137,4.0,8.19048518912314,4.470536659185163,448.25563649943973,631250,0.42347617864536,4.3231906841031815,-12.609535033048136,10.156319968611166,16.191084245796453,0,0,0,0,0,5,5,1,1
1,1954,3,1,15,19782.625,42.80294948400986,-56.970261373467366,188,248,1016.20006584069,1020.20006584069,4.0,8.007561757726181,4.052610805625445,460.29883553088166,665625,-0.11409256044702488,-1.163327136260327,-16.902274504517948,2.401382580353639,17.07200989114355,0,0,0,0,0,6,6,1,1
1,1954,3,1,18,19782.75,42.80294948400986,-56.970261373467366,188,248,,,,8.007561757726181,,0.0,0,0.0,,0.0,0.0,0.0,0,3,0,0,0,6,6,0,0
2,1954,2,23,15,19776.625,62.1447582056502,-42.696239675399795,276,269,985.4410491055804,985.4410491055804,0.0,18.09166639700763,22.12337548902229,14.104739588693906,625,,,,,,3,0,0,0,0,7,7,1,1
2,1954,2,23,18,19776.75,62.78206987198478,-41.96952315413941,279,270,982.6266117231462,984.6266117231462,2.0,20.651249221176247,9.074612491601293,211.1004122822376,140000,-2.814437382434262,-21.926886233548263,12.3196976031753,23.621941329264995,26.641528882496985,0,0,0,0,0,6,6,1,1
2,1954,2,23,21,19776.875,62.79165699365586,-38.25082521043035,285,265,978.2514367829472,986.2514367829472,8.0,25.420998005369274,5.606658370413861,426.1872579085695,570625,-4.375174940199067,-34.08344050962219,63.0124843503119,0.35534643031620233,63.013486295267306,0,0,0,0,0,2,2,1,1
2,1954,2,24,0,19777.0,63.214665111153096,-37.11165055511212,288,265,975.7493446752276,985.7493446752276,10.0,27.447901733437167,8.572511595362593,466.09709001498516,682500,-2.502092107719509,-19.41859465690488,19.027722336713882,15.678785531719193,24.655192821649713,0,0,0,0,0,3,3,1,1
2,1954,2,24,3,19777.125,63.49029810239604,-36.33261282004451,290,265,972.1727402766383,984.1727402766383,12.0,30.42889760935412,10.994626544785133,481.0109130984897,726875,-3.5766043985894065,-27.69089638711443,12.88826438298043,10.21633008069321,16.446299253123144,0,0,0,0,0,4,4,1,1
2,1954,2,24,6,19777.25,63.06330415569804,-35.09050030012358,291,262,971.179202170966,983.179202170966,12.0,32.0570233817255,6.323257853807227,503.8374085273672,797500,-0.9935381056721962,-7.721116540232945,20.85554970097216,-15.826520193584749,26.180769560264377,0,0,0,0,0,3,3,1,1
2,1954,2,24,9,19777.375,63.76265127168535,-31.979232694375327,298,261,970.5924392192603,984.5924392192603,14.0,30.07540540884953,4.362285367589283,605.8474127250884,1153125,-0.5867629517057503,-4.53215966645502,50.97643689223649,25.921283753764055,57.188373553295975,0,0,0,0,0,2,2,1,1
2,1954,2,24,12,19777.5,63.84009520517748,-29.775569981481024,302,259,970.0246568576645,984.0246568576645,14.0,29.967455325434464,6.03341538827146,603.8739631407411,1145625,-0.5677823615957459,-4.382637839074468,36.00854346777768,2.8704575012409204,36.122772996231404,0,0,0,0,0,8,8,1,2
2,1954,2,24,15,19777.625,63.49029810239604,-31.047522231915064,299,259,969.2614094338043,983.9945617450554,14.733152311251178,32.3927799836975,6.415966921913932,653.4012051136799,1341250,-0.7632474238603026,-5.909237638969293,-21.042739912401604,-12.965221061420227,24.7162671168701,0,0,0,0,0,8,5,2,0
2,1954,2,24,18,19777.75,62.533883437490466,-19.47928746842459,319,245,966.1283102160716,984.1283102160716,18.0,29.455999784508002,10.1174377371039,678.3485307822539,1445625,-1.8662515289838484,-14.572305570289195,-2.668622561319234,8.074519326106946,8.504081885921407,0,0,0,0,2,5,5,1,1
2,1954,2,24,21,19777.875,62.46551783205477,-18.43494882292201,321,244,964.8020559400778,986.8020559400778,22.0,30.925731854824722,9.134979456457003,766.8621223691736,1847500,-1.326254275993706,-10.36226399926769,17.894009309245646,-2.533969493811223,18.072536361975754,0,0,0,0,0,4,4,1,1
2,1954,2,25,0,19778.0,62.533883437490466,-19.47928746842459,319,245,965.5339937331767,989.5339937331767,24.0,30.486971725323166,9.439345587644857,860.8514411741655,2328125,0.7319377930987685,5.71521095298761,-17.853041225606244,2.533969493811223,18.03197389080746,0,0,0,0,0,3,3,1,1
2,1954,2,25,3,19778.125,62.23874705515447,-19.763736353096416,318,244,965.3042999642594,991.3042999642594,26.0,31.24324049587596,8.362128502871565,915.7224505358724,2634375,-0.22969376891720458,-1.798363649728334,-4.910844714008301,-10.939222794664088,11.99095455568078,0,0,0,0,0,4,4,1,1
2,1954,2,25,6,19778.25,61.645835125549254,-20.315195626732073,316,242,966.0629687318574,992.0629687318574,26.0,32.10849193999562,8.393201131576062,932.3008811325952,2730625,0.758668767597992,5.9727721820691935,-9.707259811352989,-21.976266173044845,24.024719934967482,0,0,0,0,0,5,5,1,1
2,1954,2,25,9,19778.375,60.69630238737346,-20.11551647323571,315,238,968.0331540285946,994.0331540285946,26.0,32.029993679802395,7.690824525701028,969.9508530600746,2955625,1.9701852967371816,15.652814464180066,3.622385031661051,-35.194407722688354,35.38033363704231,0,0,0,0,0,4,4,1,1
2,1954,2,25,12,19778.5,59.44604835476086,-20.18286912757315,313,233,971.6939645144787,995.6939645144787,24.0,30.44265434869592,10.688055634649062,1016.4224143264776,3245625,3.6608104858841397,29.452259896621285,-1.2690560277303085,-46.34063514780694,46.358008683545485,0,0,0,0,0,2,2,1,1
2,1954,2,25,15,19778.625,58.060474291621766,-18.43494882292201,315,226,973.4873259233552,997.4873259233552,24.0,28.327007732034485,10.437998968170358,1071.03186336114,3603750,1.793361408876517,14.641374838411133,34.27271342526174,-51.3562687704516,61.74208635568593,0,0,0,0,0,1,1,1,2
2,1954,2,25,18,19778.75,56.93330444320718,-16.56726998348784,318,220,975.7926009239912,999.7926009239912,24.0,26.478662431310493,11.950680268155192,1122.368644685137,3957500,2.3052750006360294,19.058147305461688,37.76927553436053,-41.77852287013938,56.32018419360154,0,0,0,0,0,1,1,1,2
2,1954,2,25,21,19778.875,55.6579756202401,-13.99022277138703,323,213,977.3069021153683,1001.3069021153683,24.0,24.996965359673325,13.602786330156015,1161.9942979446444,4241875,1.514301191377017,12.706285845546073,53.881753799033895,-47.27003163917205,71.67774608362089,0,0,0,0,0,2,2,1,2
2,1954,2,26,0,19779.0,54.76215574337974,-9.857878926044458,333,207,974.9644279214591,1002.9644279214591,28.0,26.13297579062744,12.079920703719107,1207.6655620486808,4581875,-2.342474193909147,-19.87004523061629,88.35925404778833,-33.203541831408444,94.39191154983402,0,0,0,0,0,2,2,1,1
2,1954,2,26,3,19779.125,54.56928337906408,-6.828149681577103,341,205,975.2666551019729,1003.2666551019729,28.0,24.62945327414,7.648558216895908,1228.4086470674295,4740625,0.30222718051372793,2.569768443449663,65.0954731386148,-7.148809467280755,65.48683913535302,0,0,0,0,0,1,1,1,1
2,1954,2,26,6,19779.25,54.510236192661715,-3.862982871505047,349,204,974.9588530984257,1004.9588530984257,30.0,24.581946410013302,10.337573729424111,1268.1721886020061,5052500,-0.3078020035471127,-2.6190916422468105,63.8007751528206,-2.18858252019319,63.83830201022319,0,0,0,0,0,1,1,1,1
2,1954,2,26,9,19779.375,54.34263960514263,-1.6470286612587413,355,203,976.6638691970904,1006.6638691970904,30.0,23.398469970780372,9.259478172974486,1303.601513064369,5338750,1.705016098664637,14.538390820438547,47.877120716546,-6.211963418354056,48.27843387701891,0,0,0,0,0,1,1,1,1
2,1954,2,26,12,19779.5,54.357710613546665,0.18305298584346993,360,203,977.5788402545193,1007.5788402545193,30.0,22.802652727038215,7.904725463971408,1314.6192370032925,5429375,0.9149710574289202,7.800335392442353,39.52611364334088,0.5586065579821333,39.53006072640059,0,0,0,0,0,2,2,1,2
2,1954,2,26,15,19779.625,54.786519220998485,2.7791668640720806,367,205,978.1931459939321,1008.1931459939321,30.0,21.71983827270925,6.619913571881771,1332.580683316332,5578750,0.6143057394128119,5.209286193443395,55.482470804406,15.89378055005335,57.714095563692396,0,0,0,0,0,2,2,1,2
2,1954,2,26,18,19779.75,55.198334346199005,4.312503143938897,371,207,979.2761261716388,1007.2761261716388,28.0,21.040908863059048,7.410879331600735,1271.0710507527117,5075625,1.0829801777066315,9.137509101072817,32.4361091505705,15.26391754593052,35.848129040114344,0,0,0,0,0,2,2,1,1
2,1954,2,26,21,19779.875,55.62841120540778,5.125770127521533,373,209,979.9119993999516,1007.9119993999516,28.0,21.17693734085971,6.68530571366151,1274.1975369683453,5100625,0.6358732283128483,5.337404166975083,17.01777497390247,15.940788270414004,23.317662741890533,0,0,0,0,0,3,3,1,2
2,1954,2,27,0,19780.0,55.84052062246518,5.539788073554495,374,210,980.7996536461407,1008.7996536461407,28.0,21.27170090360448,6.41799491317026,1273.1041401676805,5091875,0.8876542461890494,7.432040350360816,8.616496016389688,7.8618303567725984,11.664149354287714,0,0,0,0,0,3,3,1,1
2,1954,2,27,3,19780.125,56.30777120365046,5.614427099045581,374,212,981.3890828398067,1007.3890828398067,26.0,21.114223593785024,6.451565005071171,1220.0395916801024,4676250,0.5894291936661467,4.908102276295223,1.5346613261268407,17.318631366508306,17.386494120291037,0,0,0,0,0,2,2,1,1
2,1954,2,27,6,19780.25,56.329936191881394,5.2294507734911715,373,212,982.6209236067938,1006.6209236067938,24.0,20.310587674172762,6.53311521577285,1179.6656448586439,4371875,1.2318407669870066,10.254737961110434,-7.9109378070128535,0.8215447468053817,7.9534818009114,0,0,0,0,0,1,1,1,1
2,1954,2,27,9,19780.375,56.56344463538312,5.264946754605815,373,213,984.0172752135117,1006.0172752135117,22.0,19.947889870396608,6.464953383096363,1126.3497858663936,3985625,1.3963516067177988,11.592868202720762,0.7249448287054848,8.654984748686449,8.685292511174385,0,0,0,0,0,1,1,1,1
2,1954,2,27,12,19780.5,56.36954831304827,4.4581099780984035,371,212,985.6920317318234,1005.6920317318234,20.0,18.390358093326984,6.808468845271781,1120.6834721159757,3945625,1.6747565183117694,13.935475844358539,-16.562528941356938,-7.186762446224552,18.054553979308093,0,0,0,0,0,1,1,1,1
2,1954,2,27,15,19780.625,56.60329922066671,4.488416836244233,371,213,986.9076766078026,1002.9076766078026,16.0,18.265047606783742,7.646372602988922,949.6376657938816,2833125,1.2156448759791965,10.087963775973927,0.6183136453248586,8.663971675243975,8.686006962547566,0,0,0,0,0,1,1,1,1
2,1954,2,27,18,19780.75,56.83688877818639,4.519137714706469,371,214,988.5229091347667,996.5229091347667,8.0,17.818627262259657,7.849138743355507,389.86275874050864,477500,1.6152325269641006,13.368099698929868,0.6228794795706396,8.65799123777843,8.680368144238946,0,0,0,0,0,1,1,1,1
2,1954,2,27,21,19780.875,56.83688877818639,4.519137714706469,371,214,989.0287326957009,997.0287326957009,8.0,18.154870244720374,7.937639705975961,392.912579079798,485000,0.5058235609342228,4.186332109931999,0.0,0.0,0.0,0,0,0,0,0,1,1,1,1
2,1954,2,28,0,19781.0,56.854546529039695,4.127591702511724,370,214,989.1750573519099,995.1750573519099,6.0,18.480236695525356,9.030582221163932,267.24666641978536,224375,0.14632465620903531,1.2107785106615176,-7.935014393173431,0.6544841036139104,7.961959737511414,0,0,0,0,0,0,0,1,1
2,1954,2,28,3,19781.125,56.854546529039695,4.127591702511724,370,214,988.7912891545482,1016.7912891545482,28.0,18.75282648261854,7.998239626541545,1775.3491781213413,9901875,-0.3837681973617873,-3.1755296645095985,0.0,0.0,0.0,0,0,2,0,0,1,1,1,2
2,1954,2,28,6,19781.25,56.60329922066671,4.488416836244233,371,213,988.4971506118856,1012.4971506118856,24.0,18.866213775003384,8.08362927644339,1502.9326431453023,7096250,-0.2941385426625493,-2.440892913818639,7.361464112429017,-9.312475341392341,11.870692939446322,0,0,0,0,0,2,2,1,3
2,1954,2,28,9,19781.375,56.81763519368797,4.910261221582574,372,214,988.9385918948963,1014.9385918948963,26.0,18.56789497696836,6.830762297958063,1658.1919628292005,8638125,0.44144128301064484,3.6542896731878667,8.557467017363336,7.944357599129622,11.676603076927378,0,0,0,0,0,1,1,1,2
2,1954,2,28,12,19781.5,56.79678821248751,5.3009265165256885,373,214,990.0469504026964,1012.0469504026964,22.0,16.867739488467375,6.906197050268674,1483.4806960669164,6913750,1.1083585078001488,9.177273185567575,7.929383690430666,-0.7726928484486201,7.966942948716998,0,0,0,0,0,1,1,1,3
2,1954,2,28,15,19781.625,57.262984859360316,5.374377372324377,373,216,989.2487443076174,1009.2487443076174,20.0,17.083954612942957,7.567260023381387,1289.7162862386328,5225625,-0.7982060950790765,-6.574401519774157,1.4722591893872892,17.279567316987233,17.342173848252955,0,0,0,0,0,0,0,1,3
2,1954,2,28,18,19781.75,57.49583994181209,5.411869152317029,373,217,989.4376831838501,1007.4376831838501,18.0,16.46090234371861,8.784510666846254,1161.7374563210365,4240000,0.1889388762328599,1.5521469825937984,0.7467337641725231,8.630767937345398,8.663011399211282,0,0,0,0,0,0,0,1,3
2,1954,2,28,21,19781.875,57.728534182859974,5.449886104539279,373,218,989.4518128579714,1005.4518128579714,16.0,16.441700276680177,10.261063740400713,1013.1877333163509,3225000,0.01412967412121361,0.11577768203753071,0.752361241010566,8.624806354643907,8.657559245658147,0,0,0,0,0,0,0,1,2
2,1954,3,1,0,19782.0,57.749911361092494,5.048359677947852,372,218,989.8683877801764,1003.8683877801764,14.0,16.02594514653149,8.967554679324094,920.4896133501333,2661875,0.4165749222050363,3.4125855444018414,-7.941561731654832,0.7923445884775542,7.980990708212493,0,0,0,0,0,0,0,1,2
2,1954,3,1,3,19782.125,58.00245431803928,4.67925916040482,371,219,989.8344525233744,1003.8344525233744,14.0,15.395369791938032,8.190515350163114,958.8111075882258,2888125,-0.03393525680206949,-0.27722963364929765,-7.249161356616727,9.36049852409903,11.839310494869428,0,0,0,0,0,1,1,1,2
2,1954,3,1,6,19782.25,58.25344173825998,4.304468960507983,370,220,990.5159528661746,996.5159528661746,6.0,14.298002464701455,7.118527277289541,470.1344778027556,694375,0.6815003428002819,5.552284384351806,-7.309228841994889,9.30284259338279,11.830794841510311,0,0,0,2,0,1,1,1,1
2,1954,3,1,9,19782.375,58.502845758982446,3.9238893227529434,369,221,991.3236248784058,993.3236248784058,2.0,13.430388956470598,7.870058138860696,189.234939151512,112500,0.8076720122311962,6.5626107895439585,-7.369848934910603,9.244153929697525,11.822396339124532,0,0,0,0,0,2,2,1,1
2,1954,3,1,12,19782.5,58.75063771268967,3.537419429987514,368,222,992.4051795066123,994.2436949449958,1.8385154383834743,12.211218682483036,7.348034767467471,204.39709528665645,131250,1.0815546282065043,8.764856259124574,-7.431019446434414,9.184402705195568,11.814114569636189,0,0,0,1,0,3,1,2,0
2,1954,3,1,15,19782.625,58.99678811080977,3.1449574646980216,367,223,992.3687536523466,994.065675456349,1.6969218040023406,11.681437983314138,6.59435128312085,200.46601490203662,126250,-0.03642585426568985,-0.294428196359569,-7.492737537549276,9.12355848749765,11.80594914784027,0,0,0,0,0,4,2,2,0
2,1954,3,1,18,19782.75,59.00871541949551,2.7263109939062655,366,223,993.7227484605942,994.9055796144573,1.1828311538632261,9.928193106443414,4.98258483557067,188.18069730433754,111250,1.3539948082475166,10.942897607280651,-7.989871862057292,0.4420854047927345,8.002092968544268,0,0,0,0,0,5,3,2,0
2,1954,3,1,21,19782.875,59.01894209449229,2.3073729969622008,365,223,994.4158511114593,994.4158511114593,0.0,8.333332813974652,3.214674639330478,14.104739588693906,625,0.6931026508651849,5.6010099600221315,-7.993059583742883,0.37905145869496965,8.002042334154622,0,0,0,2,0,3,3,1,1
2,1954,3,2,0,19783.0,55.66731635100437,4.369591648399039,371,209,,,,11.01891500619358,,0.0,0,-1.5012549919942102,,43.108150056278205,-124.22792622905133,131.49482977077548,0,3,3,0,0,3,3,0,0
3,1954,2,26,3,19779.125,50.89585818839623,-70.71785555700075,198,303,996.7002222722772,998.7002222722772,2.0,7.822905337347286,3.0768483648524123,289.7485676944319,263750,,,,,,3,0,0,0,0,5,5,1,1
3,1954,2,26,6,19779.25,52.603758687846245,-69.46441025241896,206,302,995.4016417795887,999.4016417795887,4.0,9.745979810580732,3.6249384395874955,399.4406469672623,501250,-1.2985804926884885,-11.32453775095673,28.21524889657573,63.303290250849834,69.30661459686988,0,0,0,0,0,3,3,1,1
3,1954,2,26,9,19779.375,54.01543976330887,-69.0406195345771,212,303,993.9644677867598,997.9644677867598,4.0,11.619890130143274,4.659971218961073,327.46090286958605,336875,-1.4371739928289025,-12.305161542531827,9.229370272584124,52.323924543859164,53.13166998410578,0,0,0,0,0,3,3,1,1
3,1954,2,26,12,19779.5,55.199873119212974,-68.7203955723046,217,304,989.2689856657747,999.2689856657747,10.0,17.106301729916257,6.401702632456217,619.6461088469753,1206250,-4.695482120985107,-39.6168005835746,6.7738682387569416,43.90099337504189,44.42051902253633,0,0,0,0,0,5,5,1,1
3,1954,2,26,15,19779.625,57.03158112022153,-67.94198924997228,225,305,988.6846780346906,998.6846780346906,10.0,19.50226454398323,7.481331944362682,537.462763093212,907500,-0.5843076310840842,-4.825201040017471,15.700289111526343,67.89221226879934,69.68394050954079,0,0,0,0,0,6,6,1,1
3,1954,2,26,18,19779.75,58.41728203637105,-67.39596698842126,231,306,988.193217225774,998.193217225774,10.0,21.61977168787139,8.783308208506277,524.1576294516606,863125,-0.4914608089165995,-3.99694863266749,10.599355977712296,51.36097057418116,52.443261201646955,0,0,0,0,0,7,7,1,1
3,1954,2,26,21,19779.875,59.88557298609284,-67.19771784642296,237,308,988.3498913645951,996.3498913645951,8.0,23.313311085438492,10.61529233924768,346.06949399889504,376250,0.1566741388211085,1.254842498786517,3.6867500950936454,54.42216814906121,54.54690194968331,0,0,0,0,0,8,8,1,1
3,1954,2,27,0,19780.0,61.56100254914155,-66.80140948635182,244,310,991.4198193301615,997.4198193301615,6.0,21.637826397870807,8.051467575360439,337.92554160411566,358750,3.0699279655664578,24.187977686035836,6.995302225128191,62.09975578710886,62.492510927625915,0,0,0,0,0,10,10,1,1
3,1954,2,27,3,19780.125,64.29109823330408,-64.22285682810192,257,310,991.309433867174,1001.309433867174,10.0,22.866997422750824,9.427583369814748,597.9145347958769,1123125,-0.11038546298761504,-0.8487954973912799,41.457068547283185,101.19092977769296,109.35397935972941,0,0,0,1,0,9,9,1,2
3,1954,2,27,6,19780.25,65.20962451246942,-64.95159069476324,260,313,991.9363107290093,1001.9363107290093,10.0,21.575576752244448,10.667660073063743,603.8739631407411,1145625,0.6268768618353352,4.783984386950357,-11.325429857345842,34.04515407762991,35.87949104465142,0,0,0,0,0,6,6,1,2
3,1954,2,27,9,19780.375,67.23762736164636,-66.3543773648981,267,319,992.2756363653408,1002.2756363653408,10.0,20.767316758339785,35.01887894293745,574.4976616460837,1036875,0.33932563633148677,2.5494767383193064,-20.11667441399184,75.16787601639501,77.8131748118189,0,0,1,1,0,8,8,1,2
3,1954,2,27,12,19780.5,69.5125325888916,-63.5757244106811,278,319,990.8232520756491,1006.8232520756491,16.0,22.476594672609476,17.70271181903605,836.4717081693468,2198125,-1.4523842896916903,-10.74184867470703,36.04390300775351,84.31930662228645,91.70010039959335,0,0,1,1,0,6,6,1,2
3,1954,2,27,15,19780.625,70.0215380807658,-63.57927038044467,280,320,992.4379072540291,998.4379072540291,6.0,21.685872195465627,15.833248305279705,163.27416503504918,83750,1.6146551783800533,11.902966367724659,-0.0449057161052328,18.86627611020915,18.866329552671008,0,0,0,2,0,7,7,1,1
3,1954,2,27,18,19780.75,70.63019774256212,-64.17900802581072,282,322,995.0444863946607,1003.0444863946607,8.0,19.059402221732125,17.1369963414254,247.13500240053986,191875,2.6065791406315113,19.14241690484006,-7.372614834104559,22.559955481648018,23.734090267503387,0,0,3,0,0,8,8,1,1
3,1954,2,27,21,19780.875,71.23598608391549,-64.81715251961899,284,324,998.7675544418241,1004.7675544418241,6.0,15.58787017385153,14.708820131686878,215.29950574842135,145625,3.7230680471635424,27.24204650761353,-7.608389330229175,22.453530059639114,23.70756420089298,0,0,0,0,0,7,7,1,1
3,1954,2,28,0,19781.0,72.15311827860565,-64.24187827802439,288,325,998.1289379476391,1004.1289379476391,6.0,15.184019430327838,7.145869691842091,233.04854500749258,170625,-0.6386164941851166,-4.648138186150464,6.534780696959308,33.99348237064529,34.615895228070066,0,0,0,0,0,7,7,1,1
3,1954,2,28,3,19781.125,73.24220653813751,-66.70053673931746,291,330,1000.0185531757129,1006.0185531757129,6.0,12.830625218520813,5.3348616665564625,248.7397920055702,194375,1.889615228073817,13.672270234404525,-26.273380383608743,40.367029709364836,48.164173452251205,0,0,3,0,0,7,7,1,1
3,1954,2,28,6,19781.25,73.92040441203089,-68.27290406408198,293,333,1001.6284588785112,1005.6284588785112,4.0,11.767669718246097,6.569424148190301,190.8053805118479,114375,1.6099057027982782,11.60787905668325,-16.141420949128864,25.137387612690073,29.873629278137606,0,0,0,0,0,9,9,1,1
3,1954,2,28,9,19781.375,74.50592353081247,-69.2009715911585,295,335,1002.895974717047,1006.895974717047,4.0,10.555478895818508,6.684934343850182,197.9694540487982,123125,1.26751583853591,9.11278340404551,-9.18915918428414,21.70225182063504,23.567528096946667,0,0,0,0,0,6,6,1,1
3,1954,2,28,12,19781.5,74.58474906697153,-69.98123960621605,295,336,1001.2299079394423,1007.2299079394423,6.0,12.182916710750384,8.884183421608467,267.6186174229157,225000,-1.6660667776047193,-11.973603388586817,-7.687412393750529,2.9216665703077314,8.223894750034377,0,0,0,0,0,8,8,1,1
3,1954,2,28,15,19781.625,75.16159335036268,-71.0167829407738,297,338,1003.1230659042127,1007.1230659042127,4.0,10.162970453385945,8.702727156434266,164.48811606198853,85000,1.893157964770362,13.568672010267955,-9.829366064528308,21.38071925900412,23.531927104741133,0,0,0,0,0,11,11,1,1
3,1954,2,28,18,19781.75,75.51774821427271,-72.40757543781841,298,340,1004.2750645401218,1008.2750645401218,4.0,9.634692395948889,9.032722215668619,184.44340347622256,106875,1.1519986359091126,8.24320732344124,-12.891254590414928,13.200871322193512,18.45121807849024,0,0,0,0,0,9,9,1,1
3,1954,2,28,21,19781.875,75.80039029281755,-72.99714736124264,299,341,1005.5529308219285,1009.5529308219285,4.0,8.273568031776016,10.713181402369447,310.9447345242019,303750,1.2778662818066369,9.132337415849456,-5.360405492404423,10.476121730152952,11.76788313793022,0,0,0,0,0,6,6,1,1
3,1954,3,1,0,19782.0,76.14334478820999,-74.50072462349917,300,343,1005.7839495075008,1009.7839495075008,4.0,8.781099812265976,11.096710905309592,259.6957972998228,211875,0.23101868557234412,1.6485197260416593,-13.346631348613904,12.711599985860856,18.43142269485297,0,0,0,0,0,6,6,1,1
3,1954,3,1,3,19782.125,76.20192612378767,-75.39872771416607,300,344,1007.0562047520705,1011.0562047520705,4.0,8.66803145139195,11.704104701776595,327.1569947736096,336250,1.2722552445696784,9.07636595749804,-7.938294681398561,2.1713157707670607,8.22989274687723,0,0,0,0,0,5,5,1,1
3,1954,3,1,6,19782.25,76.42008284014408,-75.16006083808709,301,344,1008.3295706745681,1012.3295706745681,4.0,8.36769145612123,9.649240313929404,366.18033747720784,421250,1.2733659224976146,9.07586868259474,2.07709461447384,8.08597335742275,8.348490113453257,0,0,0,0,0,7,7,1,1
3,1954,3,1,9,19782.375,76.42008284014408,-75.16006083808709,301,344,,,,8.36769145612123,,0.0,0,0.0,,0.0,0.0,0.0,0,3,0,0,0,7,7,0,0
4,1954,2,25,18,19778.75,50.267288161386254,157.49429518772126,426,520,1003.5454214191492,1003.5454214191492,0.0,15.318298906412627,10.043225508018004,14.104739588693906,625,,,,,,3,0,0,0,0,21,21,1,1
4,1954,2,25,21,19778.875,50.570845497954274,159.46339684940668,420,521,1000.8423250350662,1020.8423250350662,20.0,18.366490252906623,13.405909426196812,1066.378013835428,3572500,-2.7030963840830373,-24.245658493060663,46.35294968473357,11.251345257366465,47.698938296107855,0,0,2,0,0,25,25,1,3
4,1954,2,26,0,19779.0,51.20067980836419,161.991827488982,412,521,993.4360773225568,1021.4360773225568,28.0,26.302680260624083,19.274831033491502,1098.63155774498,3791875,-7.406247712509358,-65.83985657871419,58.719179722681446,23.344793314752245,63.18956751088794,0,0,0,0,0,19,19,1,2
4,1954,2,26,3,19779.125,51.94025788490115,163.08678228972624,408,519,987.8118822033111,1019.8118822033111,32.0,31.17848691040812,22.101475789492323,1044.5128696645831,3427500,-5.624195119245705,-49.48835630205615,25.019393327806284,27.41244332281703,37.11350281795203,0,0,0,0,0,25,25,1,2
4,1954,2,26,6,19779.25,52.36998030516149,163.98301424106415,405,518,984.604098172014,1018.604098172014,34.0,33.865154555575316,20.408443956343326,1004.9070175484277,3172500,-3.207784031297051,-28.061901075901332,20.281956670601502,15.927650999456953,25.78852133699524,0,0,0,0,0,21,21,1,1
4,1954,2,26,9,19779.375,52.850417604868895,165.23853223301427,401,517,982.364807108088,1018.364807108088,36.0,36.04542024610592,18.78181413387254,999.6469871600864,3139375,-2.2392910639260664,-19.464321236726576,28.102484005982543,17.80739676609145,33.269400158276206,0,0,0,0,0,18,18,1,1
4,1954,2,26,12,19779.5,53.36856105554248,165.40162729814705,400,515,977.787529515143,1019.787529515143,42.0,41.10157776612326,15.520802462747959,1062.0784618679584,3543750,-4.577277592945029,-39.51737913584599,3.6069093427764454,19.20497432966927,19.5407480412154,0,0,0,0,0,22,22,1,1
4,1954,2,26,15,19779.625,53.82599397718504,165.2196973291848,400,513,976.5866602933831,1016.5866602933831,40.0,41.482323687172965,16.05410637064153,975.4730216723932,2989375,-1.2008692217597854,-10.306709150326776,-3.9801195578627304,16.954740055616984,17.41564130454071,0,0,0,0,0,18,18,1,1
4,1954,2,26,18,19779.75,53.5974044402765,165.31121322668162,400,514,975.7274050511207,1015.7274050511207,40.0,42.30298169075301,17.57839869145355,959.2259977450674,2890625,-0.8592552422624431,-7.396371799300099,2.0130208796080105,-8.472665596086372,8.70851969997447,0,0,0,0,0,19,19,1,1
4,1954,2,26,21,19779.875,53.6566602447126,165.658762867922,399,514,977.0039685938691,1017.0039685938691,40.0,41.31118659132808,18.391212553487712,1010.2381266695387,3206250,1.2765635427483357,10.980147269073727,7.634109106846854,2.196314942512452,7.943766183740904,0,0,0,0,0,20,20,1,1
4,1954,2,27,0,19780.0,53.5974044402765,165.31121322668162,400,514,983.5176938561594,1017.5176938561594,34.0,34.81912941965743,15.823565906797157,1063.4823996412829,3553125,6.51372526229039,56.06940926137318,-7.644836110247396,-2.196314942512452,7.954075589233862,0,0,0,0,0,26,26,1,2
4,1954,2,27,3,19780.125,53.36856105554248,165.40162729814705,400,515,985.6020545611242,1017.6020545611242,32.0,31.721991820688114,15.754860641964042,1117.5725551004055,3923750,2.0843607049647837,17.995079075148805,1.9995418496322972,-8.482074459530615,8.714571403428428,0,0,0,0,0,21,21,1,2
4,1954,2,27,6,19780.25,52.91011374413325,165.57922687248902,400,517,988.9550361048681,1018.201873689388,29.246837584519962,28.839746670400352,14.914289673339082,1117.9285266192594,3926250,3.3529815437438084,29.12174667053825,3.9698237839126915,-16.992338387514817,17.44990156852263,0,0,0,0,0,22,23,2,0
4,1954,2,27,9,19780.375,52.047304639282125,166.25629261632096,399,521,992.7458689732077,1016.9502533504512,24.20438437724355,25.235301672088568,13.521646799367446,1054.5592277604035,3493750,3.7908328683396393,33.307590013670065,15.433898374606793,-31.979998374059132,35.5095130217596,0,0,0,0,0,21,22,2,0
4,1954,2,27,12,19780.5,51.28211547859504,167.5628654598417,396,525,994.1349500849697,1018.332880656634,24.19793057166433,23.225606202797056,11.646898812290965,1116.7712043224722,3918125,1.389081111761916,12.334532202374998,30.290704304076478,-28.361717530604025,41.495949061598395,0,0,0,0,0,21,20,2,0
4,1954,2,27,15,19780.625,52.097346724480545,175.3366508941604,373,525,981.3230797901534,1017.3230797901534,36.0,33.9723069467691,21.54291484101501,1111.9509720060332,3884375,-1.0098008664805094,-8.866428795683607,-14.572564657060848,-18.87740807763939,23.847770889832532,0,0,0,0,2,22,22,1,1
4,1954,2,27,18,19780.75,51.14880381333043,175.44623202084136,373,529,981.2959703213398,1017.2959703213398,36.0,34.08669697102903,28.768141240639235,1124.3167416290567,3971250,-0.027109468813578133,-0.2411726679463708,2.547854832908909,-35.15771980818403,35.24991952275002,0,0,0,0,0,22,22,1,2
4,1954,2,27,21,19780.875,50.46990606620051,176.18592516570965,371,532,983.9124220833963,1017.9124220833963,34.0,31.795924771125577,25.129985686392537,1135.5848389275377,4051250,2.6164517620565313,23.50257427956608,17.450208168962188,-25.163328397089675,30.621934314472924,0,0,0,0,0,22,22,1,2
4,1954,2,28,0,19781.0,49.555914359642905,177.24284336734397,368,536,986.247708356737,1016.247708356737,30.0,28.749557422641733,19.126393518458716,1130.140884276142,4012500,2.3352862733406075,21.25952749653724,25.412607012405314,-33.87708025480249,42.34922858514994,0,0,0,0,0,21,21,1,2
4,1954,2,28,3,19781.125,48.63723161662793,178.88914071704897,363,540,987.7986800522609,1013.7986800522609,26.0,26.225202572869705,14.82620626035787,1042.3202148481294,3413125,1.5509716955239128,14.316942377376638,40.32269778180989,-34.05095340639073,52.77676936197752,0,0,0,0,0,22,22,1,2
4,1954,2,28,6,19781.25,47.91035955814991,-178.59520794996504,355,543,990.8968943656307,1014.8968943656307,24.0,22.971623826054504,9.459261646138403,1074.0923581039838,3624375,3.0982143133698266,28.924867014495184,-62.49701608980003,-26.94149507414757,68.05674967965368,0,0,0,0,0,23,23,1,3
4,1954,2,28,9,19781.375,47.35552730336919,-176.45251061980338,348,545,992.7379660212158,1014.7379660212158,22.0,20.971486598134625,8.819098669344385,1067.2172044627916,3578125,1.8410716555851103,17.340692207498197,53.800492789740744,-20.564843956792163,57.59692553762012,0,0,0,0,0,21,21,1,3
4,1954,2,28,12,19781.5,46.97893353298095,-174.3350366215129,341,546,993.5980782451574,997.5980782451574,4.0,19.32191089085051,7.290429920516325,159.57691216057307,80000,0.8601122239415417,8.150743656486862,53.54551460726018,-13.958438891039368,55.33498125807213,0,0,0,2,0,23,23,1,1
4,1954,2,28,15,19781.625,46.540937964707666,-172.2552894535771,334,547,994.2470036725801,998.2470036725801,4.0,17.263803464160574,7.114593741903373,176.1681409986482,97500,0.6489254274228006,6.193825222424147,53.02084850262618,-16.23429502826339,55.45054292793835,0,0,0,0,0,28,28,1,1
4,1954,2,28,18,19781.75,46.281846119471226,-170.16643603579288,327,547,994.9412794668015,998.9412794668015,4.0,16.028830391649876,7.776047297356127,177.8539989415875,99375,0.6942757942213211,6.655269087731094,53.506581301173526,-9.603232908423424,54.36153350331941,0,0,0,0,0,24,24,1,1
4,1954,2,28,21,19781.875,46.01128508533143,-168.39654663312345,321,547,,,,13.4718162690475,,0.0,0,2.492941537812876,,45.559986339123434,-10.028338114683468,46.65061543606394,0,2,2,0,0,25,22,0,0
6,1954,2,27,12,19780.5,76.27549703471959,55.66034829453534,410,325,1010.2030827019775,1010.2030827019775,0.0,11.505138022969748,5.888963189841015,14.104739588693906,625,,,,,,3,0,0,0,0,7,7,1,1
6,1954,2,27,15,19780.625,76.29395018396715,65.32313682966294,415,334,1009.8090153173587,1009.8090153173587,0.0,11.593648236022299,6.629652493545581,14.104739588693906,625,-0.39406738461868374,-2.8102019366351487,84.76566014560166,0.6839655256476638,84.76841952496174,0,0,0,0,0,8,8,1,1
6,1954,2,27,18,19780.75,76.08864412264842,65.70903759164904,416,334,1009.6714014298536,1009.6714014298536,0.0,12.41129929350431,9.32145957758301,14.104739588693906,625,-0.13761388750514014,-0.9822268222734207,3.4388240273734607,-7.609664142673124,8.350598724374565,0,0,0,0,0,9,9,1,1
6,1954,2,27,21,19780.875,75.97264718272558,66.92177859395913,417,335,1009.3445618808308,1009.3445618808308,0.0,12.77905228652888,9.926924913337716,14.104739588693906,625,-0.32683954902269763,-2.3340107322937658,10.895070349033862,-4.29942374190439,11.712711147417918,0,0,0,0,0,8,8,1,1
6,1954,2,28,0,19781.0,75.51774821427271,72.40757543781841,421,340,1009.3605550636661,1009.3605550636661,0.0,13.027658914988585,5.878967380164686,14.104739588693906,625,0.015993182835227344,0.11444034546832742,50.83081014059455,-16.860819142600366,53.55425736305797,0,0,0,0,0,8,8,1,1
6,1954,2,28,3,19781.125,75.27134296372138,75.43423575344342,423,343,1009.0033874342247,1009.0033874342247,0.0,13.17940381870236,6.496508080719068,14.104739588693906,625,-0.3571676294413919,-2.5586038231447743,28.51851795767755,-9.133004586630248,29.945244017736538,0,0,0,0,0,8,8,1,1
6,1954,2,28,6,19781.25,74.69377960772015,81.98876838714398,427,350,1009.5452242626146,1009.5452242626146,0.0,12.77074296694224,5.887266057309025,14.104739588693906,625,0.5418368283899326,3.892010068310412,64.09917537304148,-21.407371667713804,67.57943359649859,0,0,0,0,0,11,11,1,1
6,1954,2,28,9,19781.375,74.3429447618231,85.47523152716582,429,354,1009.8495292526464,1009.8495292526464,0.0,12.712197341910489,5.437622835385773,14.104739588693906,625,0.30430499003181466,2.1895308948127323,34.87028118412824,-13.003684984625737,37.216022531156504,0,0,0,0,0,8,8,1,1
6,1954,2,28,12,19781.5,73.90776856310364,86.39872188277657,431,355,1008.412337119821,1010.412337119821,2.0,15.84357060295497,6.6780537983172685,134.55064019432646,56875,-1.4371921328254393,-10.363224020478617,9.487690258160935,-16.129795164689455,18.71327225499702,0,0,0,0,0,10,10,1,1
6,1954,2,28,15,19781.625,73.71000999828058,88.8147391813776,432,358,1007.3317862060138,1011.3317862060138,4.0,16.771921990823913,13.163348582129547,170.4282168957679,91250,-1.0805509138072376,-7.799388135067751,25.116866661302616,-7.329916369610943,26.164568883647696,0,0,0,0,0,13,13,1,1
6,1954,2,28,18,19781.75,73.25739313786731,91.15345045110537,434,361,1006.7837202109569,1012.7837202109569,6.0,17.393406025997738,17.02495027430312,193.90811046849038,118125,-0.548065995056968,-3.965203356344361,24.969784262380106,-16.776232863915087,30.082089608504756,0,0,0,0,0,10,10,1,1
6,1954,2,28,21,19781.875,72.56331196502892,92.58579434242449,437,363,1005.882096109254,1011.882096109254,6.0,18.317594823342418,18.203956305903265,190.8053805118479,114375,-0.9016241017027642,-6.5475015560476075,15.908072175208837,-25.72610169971133,30.24729854045719,0,0,0,0,0,9,9,1,1
6,1954,3,1,0,19782.0,71.84151278583052,94.61635209355101,440,366,1013.4420554141569,1015.4420554141569,2.0,11.535712632561728,15.42225481005422,75.95634724683123,18125,7.559959304902877,55.12212084491187,23.45421298780431,-26.753468927689582,35.578760609978254,0,0,0,0,0,9,9,1,1
6,1954,3,1,3,19782.125,71.32328599331524,96.56876412182113,442,369,1014.562672031691,1014.562672031691,0.0,10.358962609128536,16.04945712956542,14.104739588693906,625,1.120616617534106,8.195426725398171,23.172646670379073,-19.208063392993612,30.098525761563334,0,0,0,0,0,8,8,1,1
6,1954,3,1,6,19782.25,68.65384902358105,99.41262943686615,453,375,1016.7734427114651,1016.7734427114651,0.0,10.648607871384032,14.803177736229118,14.104739588693906,625,2.210770679774141,16.444809968432946,38.36518812615043,-98.94261601062239,106.12035112541035,0,0,0,0,0,11,11,1,1
6,1954,3,1,9,19782.375,68.65384902358105,99.41262943686615,453,375,,,,10.648607871384032,,0.0,0,0.0,,0.0,0.0,0.0,0,3,0,0,0,11,11,0,0
9,1954,2,28,6,19781.25,44.1831180453779,151.30908492922438,455,534,1000.2726763794038,1004.2726763794038,4.0,16.82261488345562,7.328044238701914,327.76452917762373,337500,-0.6563156864097982,-6.524231894455581,40.78716515475049,6.497970134012334,41.30153093074649,2,0,0,2,0,21,21,1,1
9,1954,2,28,9,19781.375,44.200309162969795,151.9529364227121,453,535,1000.6403652607372,1008.6403652607372,8.0,17.385305752963657,6.33007695687491,500.07219912042757,785625,0.3676888813333062,3.6539539200842044,17.10846486531764,0.637188353189248,17.12032648769433,0,0,0,0,0,19,19,1,1
9,1954,2,28,12,19781.5,44.53282712052661,154.66762361932624,444,538,1000.6538078936859,1014.6538078936859,14.0,17.389574278147595,5.578094061182855,821.4724333230155,2120000,0.013442632948717802,0.13279756058043476,71.72340908283638,12.32476996617662,72.77463407797435,0,0,0,0,0,22,22,1,1
9,1954,2,28,15,19781.625,45.1660907478276,157.84373791232824,433,540,998.3068125152478,1016.3068125152478,18.0,19.11036971832245,7.14523273462284,1018.9637186847,3261875,-2.3469953784381503,-22.92939243673495,82.99544751345792,23.47190086146673,86.250648913557,0,0,0,0,0,27,27,1,1
9,1954,2,28,18,19781.75,45.7811325158013,159.77514056883192,426,540,996.1169021051653,1014.1169021051653,18.0,20.554972823793044,12.113146130039459,910.3841860176642,2603750,-2.189910410082375,-21.170010835640056,49.923915033196224,22.79650809105827,54.88240221954102,0,0,0,0,0,23,23,1,1
9,1954,2,28,21,19781.875,46.25893089297354,162.4215687894789,417,541,995.5475600320228,1015.5475600320228,20.0,21.672273853139245,15.385511192319246,990.4500393672919,3081875,-0.5693420731424703,-5.459753457285281,67.81618298143123,17.709585166852307,70.09039934936138,0,0,0,0,0,24,24,1,2
9,1954,3,1,0,19782.0,46.80639818869169,164.74488129694222,409,541,993.607498519545,1015.607498519545,22.0,23.081851499230073,16.925730059309718,1000.0449358172349,3141875,-1.940061512477987,-18.43663864790167,58.93960501870685,20.291861929224776,62.334875473653554,0,0,0,0,0,22,22,1,1
9,1954,3,1,3,19782.125,46.986671845659565,166.89079180184572,402,542,990.8442135118,1004.8442135118,14.0,24.745089617629745,14.0314632991892,407.8197095911754,522500,-2.763285007744853,-26.182617761039104,54.25670223034927,6.681838687496396,54.666595880469,0,0,0,0,0,18,18,1,1
9,1954,3,1,6,19782.25,47.29322658835315,168.6900675259798,396,542,988.284708178002,1010.284708178002,22.0,27.10244724163885,15.645450702490926,701.1346735649947,1544375,-2.5595053337980063,-24.13165831706283,45.23133356168957,11.362444042118128,46.636666587344024,0,0,0,0,0,20,20,1,1
9,1954,3,1,9,19782.375,47.55459785679654,170.51222431541115,390,542,987.2835197634329,1011.2835197634329,24.0,28.27829137579373,19.874301634844816,736.1539113717346,1702500,-1.0011884145691874,-9.399974893933349,45.57962803615977,9.687719673852781,46.59779398634485,0,0,0,0,0,20,20,1,1
9,1954,3,1,12,19782.5,47.62112079362961,173.31733905400583,381,543,987.1414645880482,1007.1414645880482,20.0,28.50587633887297,17.628728179752724,489.6193756707014,753125,-0.1420551753847394,-1.3323162129856179,70.07610992568925,2.4656710271110835,70.11947458396432,0,0,0,0,0,19,19,1,1
9,1954,3,1,15,19782.625,47.580675331061784,176.1240952118189,372,544,986.7600000316547,1004.7600000316547,18.0,27.818961963693923,16.91690153563686,473.50768323302583,704375,-0.38146455639333,-3.5800111013937244,70.1713434193091,-1.4991100811113283,70.18735476071102,0,0,0,0,0,22,22,1,1
9,1954,3,1,18,19782.75,47.68119367193463,-179.534190917235,358,544,987.7087412748218,1001.7087412748218,14.0,26.604956929595588,14.761308071586246,407.57572529796937,521875,0.9487412431670237,8.889615783200366,-108.32977439240999,3.7257098465964416,108.39382331928084,0,0,0,0,0,22,22,1,1
9,1954,3,1,21,19782.875,47.68119367193463,-179.534190917235,358,544,,,,26.604956929595588,,0.0,0,0.0,,0.0,0.0,0.0,0,3,0,0,0,22,22,0,0
12,1954,2,26,18,19779.75,41.842720832757045,-103.73626830562257,157,409,990.0874813318417,998.0874813318417,8.0,11.692752670418773,18.77359150000746,421.25735785557896,557500,,,,,,3,0,0,0,0,12,12,1,1
12,1954,2,26,21,19779.875,38.674746632092074,-101.8686502021757,143,405,986.4737042261991,996.4737042261991,10.0,16.916908991447283,8.342840000854194,487.7874946350957,747500,-3.613777105642657,-40.06567068162943,54.04204210743503,-117.42088628493202,129.26022919320823,0,0,0,0,0,14,14,1,1
12,1954,2,27,0,19780.0,36.94588407681689,-100.2262206689556,135,400,987.0180502214452,999.0180502214452,12.0,16.917321082170126,6.592971197432998,589.7063257722367,1092500,0.5443459952461126,6.274476598925002,48.65220250800591,-64.08024833744949,80.45691415825749,0,0,0,0,0,17,17,1,1
12,1954,2,27,3,19780.125,36.742004698783745,-99.93549024053262,134,399,987.4881362095429,1001.4881362095429,14.0,17.685087593531208,7.1013523609197,648.2044814428574,1320000,0.47008598809770774,5.444302339604493,8.635140269246916,-7.556784161578059,11.47478253973672,0,0,0,0,0,15,15,1,1
12,1954,2,27,6,19780.25,36.23516095395211,-98.34061866163788,131,393,987.7340454820871,1003.7340454820871,16.0,18.47575687572197,14.93496380485529,758.2527493649278,1806250,0.2459092725442315,2.882265614789777,47.68057981978768,-18.78615100893556,51.24799666017858,0,0,0,0,0,12,12,1,1
12,1954,2,27,9,19780.375,35.79349205027764,-95.79634685935486,128,383,989.7815572261458,1003.7815572261458,14.0,17.030393429864027,7.093009416117349,780.2356421790148,1912500,2.04751174405872,24.254424912409657,76.49016833756608,-16.370447115088545,78.22235863905604,0,0,0,0,0,13,13,1,1
12,1954,2,27,12,19780.5,35.63486473575061,-94.79423206663061,127,379,992.251801784495,1000.251801784495,8.0,15.93329375422135,5.96427513871211,453.7694432474928,646875,2.4702445583492225,29.374936869814718,30.188001229144817,-5.8795175342188415,30.755229549558493,0,0,0,0,0,10,10,1,1
12,1954,2,27,15,19780.625,35.23639961596003,-93.29484097634035,125,373,994.8613479053089,1004.8613479053089,10.0,15.562233274088511,3.1035926575185293,680.982903921978,1456875,2.6095461208139024,31.336206431339612,45.391949130103896,-14.769099921842688,47.73421580304125,0,0,0,0,0,12,12,1,1
12,1954,2,27,18,19780.75,36.07129604009109,-91.60831423492493,128,366,994.2307556038743,1006.2307556038743,12.0,15.958658239443142,6.684881854290434,891.8390146779558,2498750,-0.6305923014346626,-7.420065738428217,50.52612710098842,30.945415545685567,59.24954230304564,0,0,0,0,0,11,11,1,1
12,1954,2,27,21,19780.875,36.83451075253252,-88.62115557742636,131,354,994.8817141511995,1000.8638673737441,5.982153222544585,14.963741835296775,4.159364626938841,474.55689276948857,707500,0.6509585473252809,7.5228182536091435,88.61257468592373,28.28853465465771,93.01843680355084,0,0,0,1,0,10,11,2,0
12,1954,2,28,0,19781.0,36.034199981247035,-87.40305117844757,128,349,995.0182467860748,1001.0182467860748,6.0,16.47406661102253,9.00056644642631,396.44105022467926,493750,0.13653263487518416,1.6079843862780814,36.51023117180582,-29.66349916864649,47.041685377407475,0,0,1,0,0,10,10,1,1
12,1954,2,28,3,19781.125,38.72105858895464,-85.97901984958992,139,344,995.6221992622218,1009.6221992622218,14.0,17.19716695348227,11.878188620496148,1244.0987989579774,4862500,0.6039524761470966,6.689222168334326,41.179886099164115,99.58834859611598,107.76651704143381,0,0,0,0,0,9,9,1,1
12,1954,2,28,6,19781.25,39.612420279357096,-84.59089182394881,143,339,995.3652652796076,1009.3652652796076,14.0,17.141054687025505,13.855565458098573,1439.927436063938,6513750,-0.2569339826142823,-2.7919008283598528,39.63611956151482,33.03829925935688,51.59991464959529,0,0,0,0,0,10,10,1,1
12,1954,2,28,9,19781.375,40.742791026418985,-83.39235064510503,148,335,995.4068082906493,1009.4068082906493,14.0,16.976941814853785,14.21582268587983,1725.9729567181957,9358750,0.04154301104179467,0.4409899022632874,33.657377599207834,41.897164100234164,53.74189637980416,0,0,0,0,0,5,5,1,2
12,1954,2,28,12,19781.5,44.2003091629698,-81.17716593144388,163,329,998.3581161723647,1002.3581161723647,4.0,15.476269932699642,8.43117422265379,323.1801841141507,328125,2.951307881715329,29.328988585851747,58.86040462847736,128.15282518866638,141.02373501246151,0,0,0,2,0,7,7,1,1
12,1954,2,28,15,19781.625,44.2003091629698,-81.17716593144388,163,329,999.5253648566342,1009.2198411027533,9.694476246119157,14.560550688342795,6.4113060293733,1047.3659557484616,3446250,1.1672486842694343,11.599678755945801,0.0,0.0,0.0,0,0,2,0,0,8,9,2,0
12,1954,2,28,18,19781.75,44.40329317809459,-80.84686745717619,164,328,1000.5812751311137,1007.819523419912,7.238248288798349,12.830568891215558,6.752219668911858,986.1220524313817,3055000,1.0559102744795381,10.45521640661089,8.7464369924947,7.523597557273236,11.537100167177519,0,0,1,0,0,6,7,2,0
12,1954,2,28,21,19781.875,36.556222283693565,-82.11686068327027,132,328,997.6317071161646,1005.6317071161646,8.0,13.287242244223625,16.19771988609784,1004.4119650441006,3169375,-2.187816303747386,-25.448872585342198,23.944134641041412,14.898022295201114,28.20057893052249,0,0,0,1,2,4,4,1,2
12,1954,3,1,0,19782.0,38.64087849992762,-80.77171049510399,141,324,998.1337056112419,1005.8924521582306,7.758746546988696,14.152113162895633,15.235467515360943,579.1537296488467,1053750,0.5019984950772778,5.569733145813816,38.94246431476809,77.26773168108969,86.52639993694328,0,0,0,0,0,4,5,2,0
12,1954,3,1,3,19782.125,36.86757527308831,-80.80570215345632,134,323,994.7128020520737,1008.7128020520737,14.0,18.276096823610406,24.927594705395315,774.220449497332,1883125,-3.4209035591682184,-39.50332676808086,-1.007950622942889,-65.7274407423185,65.73516890518562,0,0,1,0,0,4,4,1,1
12,1954,3,1,6,19782.25,38.515702966605765,-80.00697993177306,141,321,991.658576347856,1009.658576347856,18.0,21.189227031915525,34.315309117861325,917.675646748344,2645625,-3.054225704217679,-33.97993821041292,23.163692294131334,61.08781266051296,65.33205565679934,0,0,0,0,0,6,6,1,1
12,1954,3,1,9,19782.375,40.475824498687764,-79.63528335499608,149,321,990.0617386241238,1008.0617386241238,18.0,22.7263956924313,20.393994088390027,838.1349116173678,2206875,-1.5968377237321691,-17.043219330748613,10.47982220712613,72.65185665809257,73.40380745820345,0,0,0,0,0,8,8,1,1
12,1954,3,1,12,19782.5,42.41759881734688,-79.23520597130045,157,321,991.0592385436461,1010.6910125637074,19.63177402006142,23.106287562257986,18.925750848880924,923.618154310838,2680000,0.9974999195222335,10.245490325472431,10.947367770460511,71.97181764119593,72.79963870569193,0,0,0,1,0,10,9,2,0
12,1954,3,1,15,19782.625,42.371084569467826,-78.96238381918018,157,320,989.7785444384012,1011.7785444384012,22.0,24.585281173305113,18.760476526947823,943.0155059838439,2793750,-1.2806941052447656,-13.16592815687814,7.470805517361588,-1.7240494602793446,7.667156032045379,0,0,0,0,0,10,10,1,1
12,1954,3,1,18,19782.75,44.28141975025319,-79.99202019855866,164,325,990.6371410854839,1010.6371410854839,20.0,23.98448359648152,14.194078259406014,932.7275634803943,2733125,0.8585966470825952,8.520016539317574,-27.321764735659798,70.8065267646495,75.89494753106935,0,0,0,0,0,11,11,1,1
12,1954,3,1,21,19782.875,44.32324711194701,-80.27648872902836,164,326,990.4519690609673,1010.4519690609673,20.0,24.099965819931814,13.608463382125846,924.0488459426906,2682500,-0.1851720245166507,-1.8361229624196926,-7.543142485738776,1.5503301384265296,7.700813080335802,0,0,0,1,0,11,11,1,2
12,1954,3,2,0,19783.0,44.478511709981234,-79.65627379539225,165,324,990.2056830986263,1012.2056830986263,22.0,25.251915083125038,9.223969786537928,987.7346815584225,3065000,-0.24628596234091674,-2.435366264295364,16.40238305644804,5.754878529637698,17.382657933162545,0,0,1,0,0,8,8,1,1
12,1954,3,2,3,19783.125,45.643741980283515,-80.90385801834105,169,329,988.9366547454006,1004.9366547454006,16.0,28.396540278427945,12.50499333847736,528.6926033198698,878125,-1.269028353225731,-12.29651033675249,-32.32804856649256,43.189231476760234,53.94823852240849,0,0,0,0,0,9,9,1,1
12,1954,3,2,6,19783.25,45.95808926862335,-81.44705824117352,170,331,987.9106689092753,1013.9106689092753,26.0,30.007741765034613,17.611092015704997,1040.1229377660886,3398750,-1.0259858361253282,-9.888601975797087,-13.996608482237198,11.651274555954764,18.21145924365407,0,0,0,0,0,8,8,1,1
12,1954,3,2,9,19783.375,46.23348061263472,-81.69975477695945,171,332,986.7925996438242,1006.7925996438242,20.0,31.654656289956776,26.13608589556912,576.0538658377372,1042500,-1.1180692654510493,-10.726379501650662,-6.4787909959804795,10.207373431963445,12.089880278528442,0,0,0,0,0,8,8,1,1
12,1954,3,2,12,19783.5,46.43741070891924,-81.35719741999546,172,331,993.8101231260574,1007.8101231260574,14.0,24.756678748024317,22.854247069672418,569.9780939530319,1020625,7.017523482233227,67.09543694968103,8.750004321630412,7.5586640323249155,11.562697677536727,0,0,0,0,0,7,7,1,1
12,1954,3,2,15,19783.625,48.74115219607045,-80.25002453803833,182,329,994.897999858264,1010.897999858264,16.0,25.352642279969945,12.923801950458436,680.5445498991344,1455000,1.0878767322066414,10.026141141218844,27.06232185017022,85.38812189060226,89.57399524374554,0,0,0,0,0,8,8,1,1
12,1954,3,2,18,19783.75,50.157377518956736,-79.9158037094094,188,329,994.6381425696417,1010.6381425696417,16.0,25.82926803869028,11.972474193753442,670.0864744180483,1410625,-0.25985728862244284,-2.3447869027977273,7.936677720360199,52.49235696350201,53.08896677107759,0,0,0,0,0,7,7,1,1
12,1954,3,2,21,19783.875,51.33132687309638,-79.61946562345975,193,329,995.2010781849999,1011.2010781849999,16.0,26.078666809913695,6.950140087244945,671.8654681886755,1418125,0.5629356153582922,4.995224747905574,6.862825197834074,43.512404105994975,44.05028581949764,0,0,0,0,0,7,7,1,1
12,1954,3,3,0,19784.0,52.62546729291133,-80.33643905269942,198,332,996.041264480368,1014.041264480368,18.0,26.427130445338324,8.62381736169693,790.8722566578933,1965000,0.8401862953680392,7.324895990185838,-16.13131982061789,47.96728301636073,50.607111349361844,0,0,0,0,0,6,6,1,1
12,1954,3,3,3,19784.125,53.63739306550693,-80.8033441083711,202,334,995.571746149035,1013.571746149035,18.0,27.346089214137596,8.528643564911327,754.7024265166506,1789375,-0.4695183313329471,-4.039482842414102,-10.260491751320373,37.50700401783526,38.88512622292518,0,0,0,0,0,5,5,1,1
12,1954,3,3,6,19784.25,53.97807985478496,-81.81864919840817,203,337,995.612088810768,1013.612088810768,18.0,27.322747793297175,13.71116927423551,767.2511621113049,1849375,0.04034266173301148,0.3455797513304798,-22.131143084212418,12.62754751418043,25.480236467442126,0,0,0,0,0,4,4,1,1
12,1954,3,3,9,19784.375,54.24481114161299,-82.1279849971802,204,338,996.4813779922536,1012.4813779922536,16.0,25.929553017251287,14.879421224517648,736.1539113717346,1702500,0.8692891814855102,7.421387265120762,-6.699565767287317,9.886388624217336,11.942565113879933,0,0,0,0,0,6,6,1,1
12,1954,3,3,12,19784.5,54.51023619266171,-82.44179659650577,205,339,998.8779403854383,1010.6455858632896,11.767645477851328,23.24717534498021,15.079615231163043,640.6409364833199,1289375,2.396562393184722,20.39238361602276,-6.752702093912609,9.837973026996679,11.932505975236129,0,0,0,1,0,8,6,2,0
12,1954,3,3,15,19784.625,54.51023619266171,-82.44179659650577,205,339,999.9248982275113,1009.9248982275113,10.0,21.177140656126173,14.95384746601805,596.582133062373,1118125,1.046957842073025,8.908579224171648,0.0,0.0,0.0,0,0,0,0,0,11,11,1,3
12,1954,3,3,18,19784.75,54.71195191128687,-82.02672876742965,206,338,1001.3231104416888,1005.3231104416888,4.0,19.103523625346266,13.448541443044451,206.81608002267828,134375,1.3982122141774744,11.867690156063249,8.887406155170646,7.4765881785264074,11.614015625882631,0,0,0,2,0,10,10,1,2
12,1954,3,3,21,19784.875,55.14451436249961,-81.55247275209153,208,337,1002.6314156986689,1006.6314156986689,4.0,16.879793246316993,10.75805232056111,205.36810833075387,132500,1.308305256980093,11.045877811618556,10.046121590471047,16.03291667726387,18.920332348841402,0,0,1,0,0,10,10,1,1
12,1954,3,4,0,19785.0,55.37722718068497,-81.49716084414247,209,337,1002.2706531082197,1008.2706531082197,6.0,17.36118002556444,9.562504626573208,257.00058634784585,207500,-0.36076259044915787,-3.037312340276809,1.1648266695334095,8.62549491578991,8.703791341270417,0,0,0,0,0,8,8,1,1
12,1954,3,4,3,19785.125,55.60975033146438,-81.4411252609024,210,337,1003.2900663895454,1007.2900663895454,4.0,15.425748950220894,7.750275112063972,197.4663542417147,122500,1.0194132813256873,8.558676648383228,1.1731207850368386,8.61846489802609,8.697939386704952,0,0,0,0,0,8,8,1,1
12,1954,3,4,6,19785.25,55.37722718068497,-81.49716084414247,209,337,1004.1605172689838,1006.1605172689838,2.0,13.751229734057715,7.545472944224092,126.94265629824517,50625,0.870450879438431,7.328451640264351,-1.1800667193724428,-8.61846489802609,8.698878931257655,0,0,0,0,0,6,6,1,1
12,1954,3,4,9,19785.375,55.37722718068497,-81.49716084414247,209,337,,,,13.751229734057715,,0.0,0,0.0,,0.0,0.0,0.0,0,3,0,0,0,6,6,0,0
13,1954,2,28,0,19781.0,54.68459395107103,-119.12635832520031,224,435,996.8227345904809,998.8227345904809,2.0,21.03041280451243,12.056569993218726,175.60259173501603,96875,,,,,,3,0,0,0,0,16,16,1,1
13,1954,2,28,3,19781.125,55.954847883268954,-114.25391972431659,223,421,997.3962414160836,1001.3962414160836,4.0,20.934722190012103,14.123258924385809,275.6746004375086,238750,0.5735068256028171,4.795302856491542,101.08549541737112,47.081930936903724,111.51226661010317,0,0,0,0,0,13,13,1,1
13,1954,2,28,6,19781.25,55.98622887399574,-112.19262226120019,221,416,996.7175696767433,1004.7175696767433,8.0,21.357737397667798,23.934925410477735,376.09700300975805,444375,-0.6786717393403524,-5.672527316168692,42.73706167109644,1.1631356539660307,42.75288674263561,0,0,0,0,0,14,14,1,1
13,1954,2,28,9,19781.375,55.670430419176284,-110.35609953429524,218,412,998.0686518981738,1008.0686518981738,10.0,19.858464268509948,19.8356050174783,468.2263705827405,688750,1.3510822214305518,11.33505549406065,38.38749096887715,-11.705062006038013,40.13238018671232,0,0,0,0,0,12,12,1,2
13,1954,2,28,12,19781.5,51.05920828226392,-105.1371656437249,195,404,998.9645836879866,1014.9645836879866,16.0,19.57425794587633,6.072656386922681,630.6254150055114,1249375,-0.6321529913411359,-5.630891790163832,26.00135220880577,-37.68340598082548,45.783287376531646,0,0,0,0,2,14,14,1,2
13,1954,2,28,15,19781.625,49.96563256409018,-104.39359296849051,190,403,998.6590765281283,1012.6590765281283,14.0,20.10507137416577,7.428260780972123,574.3244897772975,1036250,-0.30550715985838905,-2.7644374269344616,17.728137585918425,-40.5333572541997,44.24070425029237,0,0,0,0,0,18,18,1,2
13,1954,2,28,18,19781.75,49.20606791890985,-103.13924192736332,186,400,999.3116046445225,1009.3116046445225,10.0,19.079605834950062,9.01612874583836,487.7874946350957,747500,0.6525281163942418,5.971550488311715,30.37507619697645,-28.153245000875682,41.41558230969905,0,0,0,0,0,14,14,1,1
13,1954,2,28,21,19781.875,47.51159802341203,-102.94824223343703,179,401,999.314752165565,1011.314752165565,12.0,17.116533697553873,4.262020898728224,623.3273656940545,1220625,0.0031475210425560363,0.02957180521705423,4.781714781663759,-62.805485243764586,62.987250876331416,0,0,0,0,0,13,13,1,1
13,1954,3,1,0,19782.0,48.18932808903239,-101.86439045128114,181,397,1000.295133790141,1012.2680520657455,11.972918275604462,18.47246323063231,9.763494160729897,664.2718417352039,1386250,0.9803816245759662,9.112854880242494,26.781924598049784,25.120048310489317,36.71904563434269,0,0,0,0,0,11,13,2,0
13,1954,3,1,3,19782.125,47.766195959700354,-101.43196802859099,179,396,1001.1361675470371,1011.1361675470371,10.0,18.841918973940096,10.023060975866464,595.2467488851427,1113125,0.8410337568960676,7.869784699738297,10.773143231586342,-15.68338202734374,19.027061961949965,0,0,0,0,0,11,11,1,2
13,1954,3,1,6,19782.25,47.38540548427261,-100.70493088965941,177,394,1002.4617578138567,1011.3637270333567,8.901969219500025,18.756328427381604,11.44997655330335,611.2415471057446,1173750,1.3255902668196358,12.479482506842213,18.24517800784775,-14.11398966071181,23.067102650327175,0,0,0,0,0,12,15,2,0
13,1954,3,1,9,19782.375,46.954436168226735,-100.29118184238236,175,393,1004.9829474224975,1004.9829474224975,0.0,17.544224368007036,12.183986620413489,14.104739588693906,625,2.5211896086408525,23.901270165772065,10.467756647467084,-15.973867161258852,19.098124549707368,0,0,0,2,0,13,13,1,1
13,1954,3,1,12,19782.5,46.954436168226735,-100.29118184238236,175,393,1005.3810154424807,1009.3810154424807,4.0,18.6084096762857,15.816372813120761,544.2675241366053,930625,0.3980680199831841,3.773746828625521,0.0,0.0,0.0,0,0,0,0,0,13,13,1,1
13,1954,3,1,15,19782.625,46.716484809834235,-100.23687997690573,174,393,1008.6837076815164,1008.6837076815164,0.0,16.468828828535912,16.63665267696073,14.104739588693906,625,3.3026922390356774,31.43223148614902,1.3799232339585055,-8.819661280475595,8.926959909954727,0,0,0,0,0,16,16,1,1
13,1954,3,1,18,19782.75,46.23984209015097,-100.1299596830259,172,393,1011.1943851637574,1011.1943851637574,0.0,13.549906118647932,16.69713131519813,14.104739588693906,625,2.510677482241008,24.084031977294043,2.740972190552476,-17.6667507502813,17.8781154102424,0,0,0,0,0,15,15,1,1
13,1954,3,1,21,19782.875,46.23984209015097,-100.1299596830259,172,393,,,,13.549906118647932,,0.0,0,0.0,,0.0,0.0,0.0,0,3,0,0,0,15,15,0,0
16,1954,2,23,18,19776.75,68.48841533709613,-0.2999751623039078,359,264,982.1381425122496,982.1381425122496,0.0,19.800715535361558,8.356065792660301,14.104739588693906,625,,,,,,3,0,0,0,0,4,4,1,1
16,1954,2,23,21,19776.875,69.85559049954524,0.32008482378166875,360,270,980.2864807178498,986.2864807178498,6.0,21.562105380001466,9.63529175275311,524.1576294516606,863125,-1.8516617943998426,-13.664584632932552,7.914853949711033,50.67431396626435,51.28870254741087,0,0,2,0,0,5,5,1,2
16,1954,2,24,0,19777.0,71.21966078883369,-0.3430843995235294,359,276,976.6401007163181,984.6401007163181,8.0,23.68284080734381,9.715820059106626,466.52372359631073,683750,-3.646380001531652,-26.683496716777963,-7.91337921537555,50.55923191848369,51.17477408639297,0,0,0,0,0,6,6,1,2
16,1954,2,24,3,19777.125,73.03397680321392,0.37943670141897917,360,284,975.09112332933,985.09112332933,10.0,24.55050176140812,9.346500075983421,514.0011726956917,830000,-1.5489773869881174,-11.219944958767792,7.814544911568023,67.2475787096857,67.70010306114966,0,0,0,0,0,6,6,1,2
16,1954,2,24,6,19777.25,74.61770912954029,0.4182099414970968,360,291,973.5738929640173,983.5738929640173,10.0,24.88348735814858,9.225140066928798,478.5229089327537,719375,-1.5172303653127164,-10.902225996030648,0.3812101813452723,58.70099995015922,58.70223774568525,0,0,0,0,0,5,5,1,2
16,1954,2,24,9,19777.375,75.96903739931463,1.3748347805694054,361,297,973.1056976187607,983.1056976187607,10.0,25.78706960057984,9.075602968442036,453.98860261465205,647500,-0.4681953452565358,-3.3435065214156503,8.596388175870077,50.0869492767589,50.819291391388546,0,0,0,0,0,4,4,1,2
16,1954,2,24,12,19777.5,77.77182577117738,-1.576550055183732,358,305,978.6587765647012,978.6587765647012,0.0,19.34202719527495,4.875033083244853,14.104739588693906,625,5.55307894594036,39.36600079981706,-23.16758270907811,66.82030692164695,70.72262937479823,0,0,0,2,0,10,10,1,1
16,1954,2,24,15,19777.625,79.3511359353081,0.6030911943805325,360,312,977.9188578459944,979.9188578459944,2.0,20.040211756045167,7.071110597130973,127.72384924875728,51250,-0.7399187187067582,-5.216139025138249,14.927974857674407,58.53709261650698,60.41055905505986,0,0,0,0,0,11,11,1,1
16,1954,2,24,18,19777.75,80.68330356448169,3.4473868518651978,362,318,978.5818455007952,980.5818455007952,2.0,19.359901783263304,16.78942581565476,96.69722284868811,29375,0.6629876548008178,4.65471551006911,17.06549092183167,49.376760601404705,52.2426594641922,0,0,0,0,0,9,9,1,1
16,1954,2,24,21,19777.875,81.73037426799948,8.569141879837643,365,323,980.4283718143065,984.4283718143065,4.0,18.3469135322312,18.954435770256897,157.69578262626,78125,1.8465263135112764,12.927527705755633,27.29576184155028,38.80965002310927,47.44731340578577,0,0,0,0,0,7,7,1,1
16,1954,2,25,0,19778.0,83.05861782993202,17.850318302216834,369,330,980.4269758888372,986.4269758888372,6.0,19.969901243920813,13.761310540145638,252.31325220201603,200000,-0.0013959254692599643,-0.009742666032527181,41.529735083826985,49.231315145065075,64.4083945386435,0,0,0,0,0,8,8,1,1
16,1954,2,25,3,19778.125,85.31158552806839,33.31063082456081,371,342,979.675746596633,987.675746596633,8.0,21.317988505558443,11.270289499812861,326.24357187951614,334375,-0.7512292922042252,-5.222142838988159,46.69721589096389,83.50619264227808,95.67608991580158,0,0,0,0,0,10,10,1,1
16,1954,2,25,6,19778.25,86.48526728118168,52.76516601842533,372,350,978.5154267787921,986.5154267787921,8.0,23.26924777318174,9.088062055802512,322.56401542380166,326875,-1.1603198178409366,-8.054080690297729,43.994798137110074,43.502485480496574,61.87090193383218,0,0,0,0,0,12,12,1,1
16,1954,2,25,9,19778.375,87.09423491173764,74.35775354279127,372,356,977.4348177103077,985.4348177103077,8.0,25.518880569400594,10.863986787649846,313.4935044929087,308750,-1.0806090684843366,-7.496317543173437,40.33235159793235,22.571370336193464,46.218668785165484,0,0,0,0,0,14,14,1,1
16,1954,2,25,12,19778.5,87.14645030671429,101.30993247402021,372,362,975.9413705350436,985.9413705350436,10.0,27.79428456194753,9.213062147012897,365.3644872156122,419375,-1.4934471752641547,-10.359751166920804,49.276401783659345,1.9353623380479812,49.314393437658346,0,0,0,0,0,10,10,1,1
16,1954,2,25,15,19778.625,86.73672889440275,120.96375653207352,372,367,974.9045643811653,996.9045643811653,22.0,29.602843500571694,7.611018911721914,855.2870320460399,2298125,-1.0368061538782785,-7.194870137628581,41.26501387627851,-15.186314128895583,43.97073466558128,0,0,2,0,0,11,11,1,2
16,1954,2,25,18,19778.75,86.17121908110678,127.87498365109822,373,370,973.5268992220389,985.5268992220389,12.0,32.012433905029646,9.041365124310104,364.54681109801606,417500,-1.3776651591263362,-9.566095236822317,17.095087968544814,-20.96060740207389,27.047903713895472,0,0,0,2,0,11,11,1,1
16,1954,2,25,21,19778.875,85.88101074537232,137.20259816176582,372,373,972.213355183318,986.213355183318,14.0,33.98131562315232,12.361741417132144,378.7326134115871,450625,-1.313544038721011,-9.12406722485272,24.805669876772363,-10.756564867877945,27.037472991984252,0,0,0,0,0,12,12,1,1
16,1954,2,26,0,19779.0,85.5418954848309,141.1155035662854,372,375,971.533093614816,987.533093614816,16.0,35.29985553098245,15.171100674100671,398.44329048707243,498750,-0.6802615685018827,-4.727293116557581,11.271156635187232,-12.569298839984258,16.882720314681364,0,0,0,0,0,9,9,1,1
16,1954,2,26,3,19779.125,85.49712072785806,145.12467165539783,371,376,971.1526926121057,989.1526926121057,18.0,35.748801042812964,19.641574218961978,430.5990114968427,582500,-0.38040100271027766,-2.643655389768105,11.66407868275875,-1.6595752723745931,11.781550050917081,0,0,0,0,0,12,12,1,1
16,1954,2,26,6,19779.25,85.36538541367126,142.8533133019782,372,376,971.9968173870121,991.9968173870121,20.0,35.54087996518507,22.944628185289183,489.00951115042,751250,0.8441247749063768,5.8674531247083594,-6.802027892127406,-4.882766199166436,8.37311108256671,0,0,0,0,0,9,9,1,1
16,1954,2,26,9,19779.375,85.39796650894654,138.94518622903757,373,375,973.812284709553,993.812284709553,20.0,34.828577157032754,27.72629734076174,495.8773911734415,772500,1.8154673225407896,12.6186085652764,-11.620071911791321,1.2076174997115303,11.682654290049463,0,0,0,0,0,8,8,1,1
16,1954,2,26,12,19779.5,85.24782765862385,133.09084756700364,375,374,976.4296534710807,994.4296534710807,18.0,33.53959837691716,28.81604318000529,488.1951733478254,748750,2.6173687615277594,18.19621470485487,-17.96906243899806,-5.564892816043503,18.811040295280414,0,0,0,0,0,9,9,1,1
16,1954,2,26,15,19779.625,84.76558011870233,131.53177074108288,377,375,978.6284446676494,994.6284446676494,16.0,32.03534401228166,21.46773053697485,474.3472365221147,706875,2.1987911965687816,15.297466188344815,-5.271807951598388,-17.874493275363744,18.635704143647477,0,0,0,0,0,9,9,1,1
16,1954,2,26,18,19779.75,84.28000805930814,130.2363583092738,379,376,982.3283629293525,996.3283629293525,14.0,29.221289919362775,16.89269995919938,520.1570947860099,850000,3.6999182617029875,25.762058698180475,-4.7853505874590185,-17.99771650832817,18.623033580999707,0,0,0,0,0,9,9,1,1
16,1954,2,26,21,19779.875,83.791856050341,129.14398641457106,381,377,985.1963069923338,999.1963069923338,14.0,26.86158571877612,13.778516733157083,618.8429379211442,1203125,2.8679440629814055,19.98691049860765,-4.378413344401563,-18.093342276164737,18.615572463313715,0,0,0,0,0,11,11,1,1
16,1954,2,27,0,19780.0,83.30165210981922,128.21102542556122,383,378,986.9959792036584,1000.9959792036584,14.0,26.268544026343413,12.19495464122767,661.4205544310272,1374375,1.799672211324505,12.554189558921173,-4.033460394129633,-18.169397069064896,18.611711168088668,0,0,0,0,0,14,14,1,1
16,1954,2,27,3,19780.125,82.63033530344728,126.34745820888527,386,379,988.5438522159114,1000.5438522159114,12.0,25.449973435308994,9.661799088616608,604.2033190218629,1146875,1.5478730122531124,10.813305200127688,-8.859656116689012,-24.882341013262465,26.41258035115593,0,0,0,0,0,13,13,1,1
16,1954,2,27,6,19780.25,82.13548150063673,125.72739822279969,388,380,989.9636569081204,1001.9636569081204,12.0,23.99936281487076,7.759209829707397,642.1917519611053,1295625,1.4198046922088543,9.930094062291717,-3.144707463654933,-18.341744101099962,18.609372952955784,0,0,0,0,0,11,11,1,1
16,1954,2,27,9,19780.375,81.50834039152137,126.41637851988607,390,382,991.2841074075429,1003.20255417926,11.918446771717136,23.29066666656312,5.174932451400236,665.4687289070755,1391250,1.3204504994225863,9.249751021896284,3.7709157388237866,-23.24496987462313,23.548851988609673,0,0,0,1,0,12,14,2,0
16,1954,2,27,12,19780.5,81.1999710354965,148.53585636913425,380,393,990.0681177748872,1004.0681177748872,14.0,23.575135516980254,2.755517781761373,675.5566588495816,1433750,-1.2159896326556918,-8.524976734551217,124.66750193773066,-11.42970264087141,125.1903516324354,0,0,1,0,0,11,11,1,1
16,1954,2,27,15,19780.625,81.00766962721146,149.2810957359708,380,394,989.3843274769907,1005.3843274769907,16.0,24.188084441970336,3.7052950210479323,748.0832631778878,1758125,-0.6837902978964848,-4.796389266078475,4.3173946927681515,-7.127646995967025,8.333261584293412,0,0,0,0,0,13,13,1,1
16,1954,2,27,18,19780.75,81.43168376152308,154.4400348281762,376,394,990.0872344417955,1004.0872344417955,14.0,23.059457331481532,4.561180651417235,651.5718001092671,1333750,0.7029069648048608,4.92484893308354,28.479578448013378,15.71607352034524,32.528162497648786,0,0,0,0,0,13,13,1,1
16,1954,2,27,21,19780.875,81.5261280745646,155.80679101271124,375,394,989.7529876307578,1003.7529876307578,14.0,22.574182531931264,6.330097932747012,643.584290824953,1301250,-0.3342468110377376,-2.3412893056593433,7.464823471949367,3.5005761535498006,8.244854327043488,0,0,0,0,0,14,14,1,1
16,1954,2,28,0,19781.0,81.22860314269495,155.07152586453873,376,395,988.5257903108281,1004.5257903108281,16.0,22.945280830117344,6.3331593210138815,793.2583792495237,1976875,-1.2271973199296917,-8.602886360211262,-4.155786239784987,-11.027754324724736,11.784817551293331,0,0,0,0,0,13,13,1,1
16,1954,2,28,3,19781.125,81.40823360301097,157.78240573048168,374,395,988.9663829650689,1004.9663829650689,16.0,22.344751162944938,7.22703061178865,816.3708251752458,2093750,0.4405926542407542,3.0871599932677065,15.009470508704505,6.657998619322693,16.419901052277176,0,0,0,0,0,12,12,1,1
16,1954,2,28,6,19781.25,81.1999710354965,158.33404127670977,374,396,990.3412526395495,1006.3412526395495,16.0,21.123129872263707,6.628714286975591,864.7712349824335,2349375,1.3748696744805784,9.638842037155483,3.1280015984408527,-7.719246972525975,8.328935575612286,0,0,0,0,0,13,13,1,1
16,1954,2,28,9,19781.375,81.1999710354965,158.33404127670977,374,396,991.8443777936548,1007.8443777936548,16.0,20.200550796085757,7.640980896746624,897.7309413636053,2531875,1.5031251541052189,10.538006759054356,0.0,0.0,0.0,0,0,0,0,0,10,10,1,1
16,1954,2,28,12,19781.5,80.9908972105373,158.86017519134234,374,397,993.6953795414523,1001.6953795414523,8.0,19.360257001620926,7.315730682627109,455.3013434827462,651250,1.8510017477975635,12.984297400208472,3.0537000787097757,-7.749316209878735,8.329284836731267,0,0,0,0,0,13,13,1,1
16,1954,2,28,15,19781.625,80.8578157133475,160.67681568183824,373,398,994.5905189320556,1010.5905189320556,16.0,18.6964824912067,5.776175632672238,1001.2378327850361,3149375,0.89513939060329,6.281500930126681,10.697884569799955,-4.932662439255588,11.780318035112925,0,0,2,0,0,17,17,1,2
16,1954,2,28,18,19781.75,80.99648457531522,163.3690462932786,371,398,996.1241509939047,1010.1241509939047,14.0,17.336867028775927,5.430069329616672,918.9754712620842,2653125,1.5336320618490573,10.757865051008032,15.614843912132084,5.139757978128117,16.43899213680632,0,0,0,0,0,13,13,1,2
16,1954,2,28,21,19781.875,81.05817395928354,164.74488129694222,370,398,997.2744868997645,1011.2744868997645,14.0,16.26143276023123,5.6288296187530795,990.3496033238994,3081250,1.150335905859829,8.067811769116547,7.9260916526688625,2.2865155083681525,8.24930797440095,0,0,0,0,0,12,12,1,2
16,1954,3,1,0,19782.0,81.38484675894316,167.22875743509857,368,397,999.1295483269075,1013.1295483269075,14.0,14.350706949746098,4.9759736583842455,1074.3701525889348,3626250,1.8550614271430823,12.99891191739565,13.78996153826053,12.108119331641584,18.351283142493806,0,0,0,0,0,12,12,1,2
16,1954,3,1,3,19782.125,81.87142801535373,168.07067782276167,367,395,999.905739757582,1011.905739757582,12.0,14.05300771263864,4.555851644867871,973.0225936317781,2974375,0.7761914306743711,5.432187696766331,4.412296668348377,18.03512237106297,18.56701378328605,0,0,0,0,0,10,10,1,2
16,1954,3,1,6,19782.25,82.1739255726004,170.94211187138234,365,394,1000.6500660753154,1014.1700085508867,13.519942475571296,13.209910720121469,4.817583543083601,1089.631073100221,3730000,0.744326317733503,5.205326536162126,14.490654955516279,11.212064562734481,18.3218304980358,0,0,0,0,0,13,10,2,0
16,1954,3,1,9,19782.375,82.65081808144836,172.11686068327026,364,392,1002.6396480192072,1014.5253206225507,11.88567260334341,11.93759220781888,3.3176512639200517,1065.5381622831762,3566875,1.989581943891826,13.898403341698804,5.569626695012369,17.67600917956322,18.53272894200413,0,0,0,0,0,12,11,2,0
16,1954,3,1,12,19782.5,84.23630368911435,114.07549825507883,383,370,997.8037320006316,1013.8037320006316,16.0,18.007411322673477,1.988091391575581,982.787647912274,3034375,-2.7215886219190724,-18.95152776681303,-70.89714134796951,-25.754112180781547,75.42996052984681,0,0,0,0,2,12,12,1,1
16,1954,3,1,15,19782.625,83.1974915410106,110.22485943116808,388,370,997.3007723175751,1013.3007723175751,16.0,18.522286813166257,2.3881048525842927,971.3855407900998,2964375,-0.5029596830563969,-3.509311317874764,-16.902136197230252,-38.50354686862418,42.05003364438677,0,0,0,0,0,14,14,1,1
16,1954,3,1,18,19782.75,82.19965950428518,111.03751102542182,392,372,997.0741970442256,1011.0741970442256,14.0,19.464433985953516,1.9666148986578629,832.2991588410231,2176250,-0.22657527334959013,-1.5844201263955673,4.088020452721799,-36.9846200424247,37.209864698818706,0,0,0,0,0,13,13,1,1
16,1954,3,1,21,19782.875,80.7266265936,115.01689347810004,397,377,996.5911634730027,1010.5911634730027,14.0,20.710545635348137,3.2304499513765768,785.825158159596,1940000,-0.48303357122291346,-3.390871023036382,23.763571888115052,-54.59792881621945,59.5452867983905,0,0,0,0,0,13,13,1,1
16,1954,3,2,0,19783.0,80.52790272817788,117.47443162627712,397,379,996.0204399176066,1012.0204399176066,16.0,21.40337183803351,4.086644565992319,861.7753496141304,2333125,-0.5707235553961073,-4.008744557186285,14.989082926984976,-7.365695212712087,16.70107999377891,0,0,0,0,0,11,11,1,1
16,1954,3,2,3,19783.125,79.92001997158607,118.55962047831983,399,381,995.3148421268419,1011.3148421268419,16.0,22.386071675766505,4.2095788890557015,811.3597434947412,2068125,-0.7055977907647321,-4.965165219676235,7.039748881221564,-22.53115950923987,23.605321712306118,0,0,0,0,0,12,12,1,1
16,1954,3,2,6,19783.25,79.30861455195232,119.52136183458165,401,383,994.4472027251104,1010.4472027251104,16.0,23.54838153550332,4.3067183332586865,756.6768846562537,1798750,-0.8676394017314305,-6.117375456418838,6.613101510496975,-22.661726928753207,23.606926504344347,0,0,0,0,0,10,10,1,1
16,1954,3,2,9,19783.375,78.5787422260526,121.34958086524301,403,386,994.4417648740356,1012.4417648740356,18.0,24.123212539206776,3.866913904070171,826.783212565235,2147500,-0.005437851074821083,-0.03843564883726636,13.417930748004675,-27.052699912770816,30.197507150900375,0,0,0,0,0,11,11,1,1
16,1954,3,2,12,19783.5,77.4577281310585,125.53767779197437,405,392,992.723857292915,1014.723857292915,22.0,26.58891344082446,2.4184308538641925,890.7229599112725,2492500,-1.7179075811205258,-12.192985579201553,33.70294430088687,-41.550360020128664,53.50066235432033,0,0,0,0,0,10,10,1,1
16,1954,3,2,15,19783.625,77.1905818225883,127.17092348994039,405,394,992.3892873975241,1012.3892873975241,20.0,26.748963331566337,3.4679703030583187,781.5094971368859,1918750,-0.3345698953910323,-2.377127996570837,13.420978089030813,-9.901771391236215,16.67836111704472,0,0,0,0,0,11,11,1,1
16,1954,3,2,18,19783.75,76.42008284014408,128.29016319224309,407,397,992.2576229231069,1014.2576229231069,22.0,26.960979388330347,3.39170403378026,849.1006372664467,2265000,-0.13166447441719356,-0.938433688903389,9.74049461322771,-28.558525944197406,30.17393973971106,0,0,0,0,0,9,9,1,1
16,1954,3,2,21,19783.875,75.96182055696012,129.16050768848257,408,399,993.0916780341503,1013.0916780341503,20.0,26.58821609654622,3.2016581319329998,762.4391317627577,1826250,0.8340551110434171,5.956395199744914,7.825015532554363,-16.985480320869595,18.701267599159298,0,0,0,0,0,9,9,1,1
16,1954,3,3,0,19784.0,75.6937599012114,131.82016988013575,407,402,990.9384042567463,1012.9384042567463,22.0,28.195927965899607,3.737011744048941,775.5041851650444,1889375,-2.153273777403956,-15.395758915322133,24.357590337601422,-9.935661650757107,26.306074954138246,0,0,0,0,0,8,8,1,1
16,1954,3,3,3,19784.125,75.55278290570003,133.74095479282474,406,404,993.2113266132751,1011.2113266132751,18.0,25.627982355519997,3.3042417344829302,680.3983691327828,1454375,2.2729223565288703,16.26149068473284,17.76123065719824,-5.225308891485285,18.51391820954262,0,0,0,0,0,7,7,1,1
16,1954,3,3,6,19784.25,75.3957734310144,135.62275568720634,405,406,993.5721312807738,1011.5721312807738,18.0,24.882240736777604,3.481377198978807,697.0082236157695,1526250,0.36080466749859624,2.5831894324530493,17.585800331014276,-5.81955234005651,18.523702727072656,0,0,0,0,0,6,6,1,1
16,1954,3,3,9,19784.375,75.38883348418669,136.86767883943418,404,407,994.8122018315687,1010.8122018315687,16.0,23.639307785268286,3.866254294309474,635.9658002851089,1270625,1.240070550794917,8.87859430765016,11.639735964379271,-0.2572289594749615,11.642577895726394,0,0,0,0,0,8,8,1,1
16,1954,3,3,12,19784.5,75.54226378886109,137.51687565693953,403,407,995.8405716629527,1009.8405716629527,14.0,22.423319136219174,4.262024851579045,573.1108215745878,1031875,1.0283698313840433,7.35776023981052,6.007543977493829,5.686890491107685,8.272321808257546,0,0,0,0,0,9,9,1,1
16,1954,3,3,15,19784.625,75.37496323850358,138.11084065349078,403,408,996.9152053490071,1008.9152053490071,12.0,20.92733594604681,3.793925419024963,521.6847253726536,855000,1.0746336860544397,7.694593639455244,5.558667692740275,-6.200990808199616,8.327729193585164,0,0,0,0,0,13,13,1,1
16,1954,3,3,18,19784.75,75.37496323850358,138.11084065349078,403,408,997.8355088420551,1007.8355088420551,10.0,19.42004154148109,3.8263760490402636,470.3460118867115,695000,0.9203034930479771,6.589558373118665,0.0,0.0,0.0,0,0,0,0,0,12,12,1,1
16,1954,3,3,21,19784.875,75.67252692757445,139.44738485009051,401,408,999.0401011621423,1007.0401011621423,8.0,18.066787609025226,3.085126648337755,411.4621133397383,531875,1.2045923200871038,8.613566569994013,12.258834041025521,11.029190859440096,16.490059522614313,0,0,0,0,0,13,13,1,1
16,1954,3,4,0,19785.0,75.8182382321356,140.13637849242775,400,408,1001.1739660370133,1007.1739660370133,6.0,15.238192435977602,2.913649200023938,362.90593190046286,413750,2.1338648748710694,15.248574430860074,6.256628932560655,5.400785940653023,8.265221979869048,0,0,0,0,0,10,10,1,1
16,1954,3,4,3,19785.125,75.8182382321356,140.13637849242775,400,408,1001.1343572859378,1005.1343572859378,4.0,14.416658005235755,3.591490497239138,272.4077682750553,233125,-0.03960875107557513,-0.28304369034886023,0.0,0.0,0.0,0,0,0,0,0,10,10,1,1
16,1954,3,4,6,19785.25,75.8182382321356,140.13637849242775,400,408,1001.9725715335554,1003.9725715335554,2.0,13.222714355884994,3.881762194874901,193.39444569737623,117500,0.838214247617725,5.989869599675816,0.0,0.0,0.0,0,0,0,0,0,8,8,1,1
16,1954,3,4,9,19785.375,76.10321035965784,141.5569464981634,398,408,1003.4229567090537,1003.4229567090537,0.0,12.199297149309253,2.6761055285695328,14.104739588693906,625,1.4503851754982315,10.351553856838533,12.645634524963167,10.562484938526422,16.476594326969938,0,0,0,0,0,8,8,1,1
16,1954,3,4,12,19785.5,76.10321035965784,141.5569464981634,398,408,1003.735878232422,1003.735878232422,0.0,11.80668243871919,2.984887669321688,14.104739588693906,625,0.3129215233682771,2.233354323273437,0.0,0.0,0.0,0,0,0,0,0,11,11,1,1
16,1954,3,4,15,19785.625,76.2423424503368,142.28895232361015,397,408,1004.010768538197,1004.010768538197,0.0,11.60442795120414,2.7644590254323704,14.104739588693906,625,0.2748903057750431,1.9607492220882008,6.4523216406083606,5.156927538984506,8.259924708869915,0,0,0,0,0,10,10,1,1
16,1954,3,4,18,19785.75,76.2423424503368,142.28895232361015,397,408,,,,11.60442795120414,,0.0,0,0.0,,0.0,0.0,0.0,0,3,0,0,0,10,10,0,0
22,1954,2,28,15,19781.625,48.2460943383997,-162.26131977714994,304,533,1000.2525243466266,1000.2525243466266,0.0,8.397274748292395,7.132631365255074,14.104739588693906,625,,,,,,3,0,0,0,0,26,26,1,1
22,1954,2,28,18,19781.75,49.08507182200837,-161.565051177078,303,529,998.2277283986518,1000.2277283986518,2.0,10.607725951391354,6.096884628864427,155.79194081053757,76250,-2.0247959479747806,-18.56360477453138,16.902035499502148,31.09667991543415,35.393252263523294,0,0,0,0,0,21,21,1,1
22,1954,2,28,21,19781.875,50.14091247845517,-160.73322897770825,302,524,996.2153673744344,1012.2153673744344,16.0,13.132378294214288,8.500558409487203,1163.8760713198353,4255625,-2.0123610242173893,-18.162621970466574,19.75983796336009,39.13470811398146,43.8403532776,0,0,2,0,0,22,22,1,6
22,1954,3,1,0,19782.0,50.89585818839623,-160.71785555700075,303,521,990.3272049961402,1012.3272049961402,22.0,18.26346465884951,11.085522735154882,1194.0809630944284,4479375,-5.8881623782942185,-52.570029364338026,0.3594007914822454,27.982044279173707,27.984352252116825,0,0,0,0,0,21,21,1,4
22,1954,3,1,3,19782.125,50.96001351307572,-159.9739109058834,301,520,986.5696492125999,1000.5696492125999,14.0,21.514464861511478,14.016164335031572,672.7532009716322,1421875,-3.7575557835403015,-33.51730376841862,17.367940710414775,2.37791554053122,17.52996996113749,0,0,0,2,0,17,17,1,2
22,1954,3,1,6,19782.25,51.01726938810813,-159.22774531795417,299,519,983.8636033441861,1011.3888033761774,27.52520003199126,23.80633645218863,19.24307615670834,1160.538110496663,4231250,-2.706045868413785,-24.118328724627986,17.398314857003843,2.122187608066088,17.52726561980704,0,0,0,0,0,19,18,2,0
22,1954,3,1,9,19782.375,51.02006414649672,-157.41889205586546,294,517,981.2086903095069,1010.6060503172297,29.397360007722746,26.24336934552466,17.15545044286424,1130.140884276142,4012500,-2.6549130346791934,-23.661660194744567,42.17354273562984,0.10358765133629963,42.17366995265536,0,0,0,0,0,19,18,2,0
22,1954,3,1,12,19782.5,51.514571741039575,-155.6404691950955,290,513,979.4005250566363,1008.1691040897008,28.768579033064597,28.416789566790417,15.458966517032314,1020.2319970580198,3270000,-1.8081652528706764,-16.0039259551753,41.02029142113334,18.328911900123252,44.928980844408045,0,0,0,0,0,17,16,2,0
22,1954,3,1,15,19782.625,57.002554665340526,-155.81722075310992,300,492,973.7910420554276,1003.7910420554276,30.0,33.77105490165016,18.417663914256046,910.4934430460825,2604375,-2.378062034273171,-19.64444761511356,-7.860795342691296,22.99221412081721,24.298847989095766,0,0,0,0,2,20,20,1,1
22,1954,3,1,18,19782.75,57.21594051868036,-155.6546043761199,300,491,973.7312849031837,1001.7312849031837,28.0,33.0155589058396,17.645204251766554,859.9265400839298,2323125,-0.059757152243983,-0.492448179718806,3.2636664699635016,7.909141436369711,8.556052658069863,0,0,0,0,0,20,20,1,1
22,1954,3,1,21,19782.875,57.54324213497109,-154.95889021754607,299,489,974.8797995028931,1000.8797995028931,26.0,31.937109901808565,13.51707685842215,821.7145770079572,2121250,1.1485145997094515,9.430165367634926,13.838667031518417,12.131426404697804,18.403266335676225,0,0,0,0,0,18,18,1,1
22,1954,3,2,0,19783.0,57.972651787439915,-153.7073514274347,297,486,974.5567010944375,998.5567010944375,24.0,29.75823151832646,13.18765919296755,822.4405803099426,2125000,-0.32309840845569854,-2.6403685768423433,24.600452812856467,15.91605826891213,29.30022507451067,0,0,0,0,0,14,14,1,1
22,1954,3,2,3,19783.125,58.699925896437996,-152.59925117712763,296,482,975.9269233456365,995.4683572488275,19.541433903191063,27.424067253892755,9.899044254233086,731.4092920298683,1680625,1.3702222511990112,11.110173313604282,21.33734021680243,26.95639706684285,34.37920054848379,0,0,0,1,0,15,17,2,0
22,1954,3,2,6,19783.25,59.31856104380725,-152.014683276523,296,479,978.772791402921,994.9588317933152,16.18604039039419,24.003382080922048,9.013557971256596,731.4092920298683,1680625,2.8458680572845334,22.925986474570195,11.055859425343051,22.929696610490026,25.455903328738202,0,0,0,0,0,14,16,2,0
22,1954,3,2,9,19783.375,60.277823018213134,-157.83365417791757,310,481,979.5630133722058,1015.5630133722058,36.0,22.964575701619104,9.005703030031581,1596.0184410544211,8002500,0.7902219692847575,6.304201142054496,-106.89837389911892,35.55502162565898,112.65621112516126,0,0,2,0,0,17,17,1,4
22,1954,3,2,12,19783.5,60.36463961543123,-158.23925465125856,311,481,983.7424181590443,983.7424181590443,0.0,18.558937599287475,8.774838417887658,14.104739588693906,625,4.1794047868385675,33.31350825179975,-7.433764503156539,3.217855053065452,8.10033615542769,0,0,0,2,0,14,14,1,1
22,1954,3,2,15,19783.625,62.89539636701687,-157.17793711860915,313,470,985.73697643906,985.73697643906,0.0,16.594744632224614,5.829357331380306,14.104739588693906,625,1.9945582800156263,15.523561659431886,17.92270333810034,93.80243711592894,95.49932200719206,0,0,0,0,0,15,15,1,1
22,1954,3,2,18,19783.75,62.98405563485326,-157.61986494804043,314,470,988.7950346673057,988.7950346673057,0.0,14.241572877575681,4.041108923130596,14.104739588693906,625,3.0580582282457907,23.781929406436447,-7.440430967160496,3.286153594475885,8.133807129725149,0,0,0,0,0,12,12,1,1
22,1954,3,2,21,19783.875,63.53157621433226,-156.60871140288378,313,467,992.083084994466,992.083084994466,0.0,11.883793295367564,4.2533704786335145,14.104739588693906,625,3.2880503271603083,25.447706168865494,16.704111008003103,20.29383689051806,26.284351624239132,0,0,0,3,0,12,12,1,1
22,1954,3,3,0,19784.0,63.53157621433226,-156.60871140288378,313,467,,,,11.883793295367564,,0.0,0,0.0,,0.0,0.0,0.0,0,3,0,0,0,12,12,0,0
27,1954,3,1,0,19782.0,57.352371038980095,-15.534778615233318,321,221,1001.2526104856448,1005.2526104856448,4.0,12.308499819903268,6.566770972627784,302.84160209044046,288125,,,,,,3,0,0,0,0,1,1,1,1
27,1954,3,1,3,19782.125,55.429813381463944,-13.899063092750808,323,212,999.9278161219569,1003.9278161219569,4.0,12.170478904321994,6.237568967491388,276.7549753174722,240625,-1.324794363687979,-11.146576282222316,34.40032754125061,-71.2595525658143,79.12841693617646,0,0,0,0,0,0,0,1,1
27,1954,3,1,6,19782.25,53.87960875617308,-12.940436401907096,324,205,998.6646071347822,1002.6646071347822,4.0,12.859422820817958,7.2230445544957185,233.47498368984665,171250,-1.2632089871747303,-10.834344817811937,20.945072216272525,-57.45829653109138,61.15678122988242,0,0,0,0,0,0,0,1,1
27,1954,3,1,9,19782.375,52.544476104298454,-12.131321066632502,325,199,998.45027784056,1004.45027784056,6.0,12.984082501321687,8.626180610454613,322.25548927436705,326250,-0.214329294222116,-1.87058316802386,18.238087863031897,-49.48665909531776,52.74047096221143,0,0,0,0,0,0,0,1,1
27,1954,3,1,12,19782.5,52.44200304399568,-12.81198059055494,323,199,999.2020078696875,1003.2020078696875,4.0,12.913074190168066,4.547319139520914,286.98899464971794,258750,0.7517300291275023,6.569821061177383,-15.378411463349464,-3.7981614744700245,15.840504086746307,0,0,0,0,0,0,0,1,1
27,1954,3,1,15,19782.625,51.28211547859504,-12.437134540158295,323,194,1000.700428232942,1002.700428232942,2.0,11.13954231267735,4.414876132071658,235.59559928678317,174375,1.498420363254554,13.305424763723625,8.690283419928365,-42.99120425022013,43.860741772145474,0,0,0,0,0,1,1,1,1
27,1954,3,1,18,19782.75,47.792378121923726,-9.539091853258705,329,178,1001.5137844973254,1003.5137844973254,2.0,10.259507107578873,2.19507333347814,264.6283714200614,220000,0.8133562643833284,7.607643596866415,72.15982293788043,-129.34702979461446,148.11378788997038,0,0,0,0,0,2,2,1,1
27,1954,3,1,21,19782.875,46.873287154402156,-6.879113225631098,337,173,1002.1875475623353,1004.1875475623353,2.0,8.791337377526748,1.4379888233656675,250.33429417967045,196875,0.6737630650099891,6.395845918039966,67.39568824941071,-34.06608423774601,75.5160704082579,0,0,0,0,0,1,1,1,1
27,1954,3,2,0,19783.0,47.024089298475324,-5.055899730103746,343,173,999.9005384889762,1001.9005384889762,2.0,9.739924844049911,2.1350899510663295,196.456289539899,121250,-2.2870090733592225,-21.656628307428132,46.06582738631421,5.58947778268623,46.403692899044565,0,0,0,0,0,2,2,1,1
27,1954,3,2,3,19783.125,47.09900202454851,-3.8344647905516878,347,173,999.3893434075246,1001.3893434075246,2.0,8.296831657954089,3.8918816109054024,186.05429348039038,108750,-0.5111950814515877,-4.834830487706899,30.81817019537491,2.776638360150521,30.943001386002518,0,0,0,0,0,2,2,1,1
27,1954,3,2,6,19783.25,47.09900202454851,-3.8344647905516878,347,173,,,,8.296831657954089,,0.0,0,0.0,,0.0,0.0,0.0,0,3,0,0,0,2,2,0,0
32,1954,3,1,3,19782.125,68.58417110012105,6.34019174590991,370,265,,,,15.706643760890604,,0.0,0,,,,,,0,0,0,0,0,3,1,0,0
32,1954,3,1,6,19782.25,68.89336086940898,-3.976730975077567,353,266,993.5554520252801,995.5554520252801,2.0,14.564019414573979,19.765930597777626,102.68405416537693,33125,,,-137.5409348190424,11.46011123840643,138.01754562552082,3,0,0,3,0,4,4,1,1
32,1954,3,1,9,19782.375,68.42162632118307,-4.490451921116328,352,264,991.0810863470194,995.0810863470194,4.0,16.386051930974062,22.06401415313914,112.83791670955125,40000,-2.474365678260656,-18.43491232275145,-7.002776459484991,-17.48482949522797,18.835024306294674,0,0,0,0,0,6,6,1,1
32,1954,3,1,12,19782.5,68.66588430314107,-3.9347820563694453,353,265,986.7215010055502,996.7215010055502,10.0,20.736243914611748,20.210330290798737,206.33455182562614,133750,-4.35958534146921,-32.426099101954826,7.49288129769522,9.053416128722613,11.751919576867667,0,0,0,0,0,7,7,1,1
32,1954,3,1,15,19782.625,68.89336086940898,-3.976730975077567,353,266,986.1176977045761,998.1176977045761,12.0,20.686211256155783,19.27431204412671,262.363322298001,216250,-0.6038033009741048,-4.4841022669921475,-0.5599039417334901,8.431413366505357,8.449983655656021,0,0,0,0,0,8,8,1,1
32,1954,3,1,18,19782.75,69.28849129909283,-5.927504192390174,350,268,985.8485255416548,997.8485255416548,12.0,19.68231155446107,22.141928812020996,263.875515352797,218750,-0.2691721629213134,-1.993728091421911,-25.570631236164143,14.645499714576118,29.467742426347197,0,0,0,0,0,8,8,1,1
32,1954,3,1,21,19782.875,69.0104228877582,-7.086895410073673,348,267,985.6161150406296,997.6161150406296,12.0,18.733592396700878,19.737991330182123,282.79914940409105,251250,-0.23241050102529698,-1.724623538760497,-15.392549485307704,-10.306598866840885,18.524485414165014,0,0,0,0,0,7,7,1,1
32,1954,3,2,0,19783.0,68.91526290334328,-8.909000011941629,345,267,987.3075185313506,997.3075185313506,10.0,16.803212745732914,14.061673343170622,332.2856328070812,346875,1.6914034907211317,12.559235471949028,-24.295162128496493,-3.527102495504663,24.54985447744498,0,0,0,0,0,7,7,1,1
32,1954,3,2,3,19783.125,68.8399133315073,-10.113952145791723,343,267,987.9865334601747,995.9865334601747,8.0,14.51744717407486,12.34268031892294,292.482105284911,268750,0.6790149288240355,5.044474657592244,-16.121434648914335,-2.792830037666647,16.36155722290848,0,0,0,0,0,7,7,1,1
32,1954,3,2,6,19783.25,68.21534311812597,-12.239599836931848,339,265,987.723134529874,993.723134529874,6.0,13.175240686609284,10.06193713987297,238.53279052439012,178750,-0.26339893030075473,-1.9652275724148913,-29.237950895551048,-23.149679687104967,37.292967731010826,0,0,0,0,0,6,6,1,1
32,1954,3,2,9,19783.375,67.17204724195214,-13.41870808106875,336,261,988.1475503239831,992.1475503239831,4.0,11.265466605236345,10.127564250102004,170.4282168957679,91250,0.4244157941090816,3.1903242597515584,-16.95523265052621,-38.66973613990626,42.22355275629281,0,0,0,0,0,5,5,1,1
32,1954,3,2,12,19783.5,66.50375619799382,-13.035836770066288,336,258,991.7102744196214,991.7102744196214,0.0,8.206562230209672,8.33057123857172,14.104739588693906,625,3.562724095638405,26.91489221137772,5.657832159648187,-24.770191203387228,25.408137220172424,0,0,0,0,0,5,5,1,1
32,1954,3,2,15,19783.625,66.50375619799382,-13.035836770066288,336,258,991.1929603749538,991.1929603749538,0.0,7.660955089415995,8.794848111481551,14.104739588693906,625,-0.5173140446675825,-3.9080914990597604,0.0,0.0,0.0,0,0,0,0,0,4,4,1,1
32,1954,3,2,18,19783.75,66.50375619799382,-13.035836770066288,336,258,,,,7.660955089415995,,0.0,0,0.0,,0.0,0.0,0.0,0,3,0,0,0,4,4,0,0
34,1954,3,1,9,19782.375,55.64396866578301,12.425942865427487,392,212,995.501734080882,995.501734080882,0.0,10.797389563537903,4.715183247727182,14.104739588693906,625,,,,,,3,0,0,0,0,1,1,1,1
34,1954,3,1,12,19782.5,56.33151989376798,12.675665848395893,392,215,995.9920406167254,995.9920406167254,0.0,10.656179237314218,4.441422996330293,14.104739588693906,625,0.49030653584341055,4.081592850939867,5.13138698602259,25.484069453388614,25.995555933764074,0,0,0,0,0,2,2,1,1
34,1954,3,1,15,19782.625,57.017065083050895,12.9354575155593,392,218,995.7311269191543,995.7311269191543,0.0,10.753890908432897,5.13875214864398,14.104739588693906,625,-0.26091369757108623,-2.154974431634447,5.242014157393233,25.4097156779479,25.94479453108971,0,0,0,0,0,3,3,1,1
34,1954,3,1,18,19782.75,57.363762953029465,13.89119117145486,394,220,996.2446867678112,996.2446867678112,0.0,10.761928627814687,3.979942321408453,14.104739588693906,625,0.5135598486568779,4.22514962398218,19.104261705394478,12.85034807336391,23.023993157460968,0,0,0,0,0,4,4,1,1
34,1954,3,1,21,19782.875,58.052180000021906,17.147619881396974,401,225,995.766926266198,995.766926266198,0.0,11.830282862395595,5.043684514887209,14.104739588693906,625,-0.4777605016132293,-3.9008879950913893,63.861528200667465,25.516161013729235,68.77040974869352,0,0,0,0,0,4,4,1,1
34,1954,3,2,0,19783.0,58.49780687131895,17.390949945550698,401,227,995.2478574869309,997.2478574869309,2.0,12.590718784870212,5.695959947636729,176.73188049071527,98125,-0.5190687792671088,-4.217838312503116,4.712718282633303,16.517149088239687,17.176318802776205,0,0,0,0,0,4,4,1,1
34,1954,3,2,3,19783.125,59.1641457949557,17.76874885273887,401,230,994.2765378918562,996.2765378918562,2.0,13.088025119093054,4.998289795914024,173.32194179790176,94375,-0.9713195950747467,-7.837399839015769,7.177707041946152,24.697835911400915,25.7196923987533,0,0,0,0,0,5,5,1,1
34,1954,3,2,6,19783.25,59.97487303095363,18.708434953588867,402,234,993.3942603636407,995.3942603636407,2.0,13.230766244772797,6.375769900197338,150.59740831300877,71250,-0.8822775282154908,-7.060008470497014,17.427801094466222,30.049585178512018,34.73767148772248,0,0,0,0,0,4,4,1,1
34,1954,3,2,9,19783.375,60.63363399139053,19.13364320590548,402,237,993.1210919373349,995.1210919373349,2.0,13.045428516009306,5.904419479904245,143.8406847937898,65000,-0.2731684263057832,-2.1716149081813403,7.728731855663532,24.416958890693326,25.610958154012046,0,0,0,0,0,4,4,1,1
34,1954,3,2,12,19783.5,61.366390598262434,19.15110876839242,401,240,992.0138807734708,996.0138807734708,4.0,14.072846642244741,6.434108270578218,253.1005029518667,201250,-1.1072111638641218,-8.739849894898823,0.31021962017316024,27.159605716479117,27.161377337818223,0,0,0,0,0,4,4,1,1
34,1954,3,2,15,19783.625,62.097872392647176,19.16946985717683,400,243,991.3615168737356,995.3615168737356,4.0,13.547002003504852,9.359778235135382,247.13500240053986,191875,-0.65236389973521,-5.11425019468721,0.3184735152585706,27.112354822814087,27.114225222530173,0,0,0,0,0,3,3,1,1
34,1954,3,2,18,19783.75,62.316035746869176,19.32318431816178,400,244,991.5893413383234,995.5893413383234,4.0,12.862432668697199,10.82513491075115,179.5240261806447,101250,0.22782446458790218,1.7824641059841426,2.6469890878996987,8.086219389748276,8.508436710148407,0,0,0,0,0,3,3,1,1
34,1954,3,2,21,19783.875,62.82811639013066,19.188797155992777,399,246,991.5846806206016,995.5846806206016,4.0,12.354893105250486,12.097906614541134,176.73188049071527,98125,-0.004660717721853871,-0.03629600592205751,-2.2746560675131695,18.98025652118687,19.116071715588724,0,0,0,0,0,3,3,1,1
34,1954,3,3,0,19784.0,63.121427051005,18.89208629959137,398,247,991.9188983417672,995.9188983417672,4.0,11.366744791088577,11.450018930364603,186.05429348039038,108750,0.33421772116562354,2.595980752605833,-4.972014651510788,10.87155247332946,11.954563265765666,0,0,0,0,0,2,2,1,1
34,1954,3,3,3,19784.125,63.41379564523189,18.588969364594348,397,248,993.0351535525479,997.0351535525479,4.0,9.299836925417415,9.550439979219009,214.37348207692287,144375,1.116255210780655,8.648072674494047,-5.028159438556887,10.836634796077371,11.946340068954322,0,0,0,0,0,1,1,1,1
34,1954,3,3,6,19784.25,63.63207130673342,18.745492012427906,397,249,994.3305037692526,996.3305037692526,2.0,7.555648996211752,7.474148260886722,130.03927369650248,53125,1.2953502167046826,10.016568265715494,2.576644824364244,8.090382056318418,8.490782082242019,0,0,0,0,0,1,1,1,1
34,1954,3,3,9,19784.375,63.63207130673342,18.745492012427906,397,249,,,,7.555648996211752,,0.0,0,0.0,,0.0,0.0,0.0,0,3,0,0,0,1,1,0,0
48,1954,3,2,12,19783.5,50.9795564453036,-158.16743457353627,296,518,983.7479356266034,991.7479356266034,8.0,27.05368873383536,12.917964111336769,263.12050517771223,217500,-2.1461719273545894,-19.138507361581418,69.61098727094614,36.56749189724786,78.6312343314736,2,0,0,2,0,16,16,1,1
48,1954,3,2,15,19783.625,52.808242544468655,-154.77082227833708,290,507,982.1899524781007,992.1899524781007,10.0,27.117506090344662,13.578817865557937,331.08604176942123,344375,-1.5579831485026807,-13.549830610586962,76.09471874516301,67.7802055508608,101.90467352100396,0,0,0,0,0,18,18,1,1
48,1954,3,2,18,19783.75,54.08726413168208,-153.02860258961297,288,500,980.2373921768879,990.2373921768879,10.0,29.86355343179911,14.437058874266949,283.852408727268,253125,-1.952560301212943,-16.702736363203343,37.87585771403154,47.40690385566797,60.67944570242966,0,0,0,0,0,15,15,1,1
48,1954,3,2,21,19783.875,55.54916318548808,-151.82736517320336,288,493,978.8116308603584,992.8116308603584,14.0,30.742287419734655,15.064075980156922,365.0921319878893,418750,-1.4257613165293879,-11.978925132963816,25.186770145452567,54.185252683235916,59.752949707156596,0,0,0,0,0,16,16,1,1
48,1954,3,3,0,19784.0,56.78396501340752,-150.7169753987347,288,487,977.0556860684967,995.0556860684967,18.0,32.76254734310167,16.076845432318223,412.1867316527768,533750,-1.7559447918616933,-14.541455741065388,22.545214249751822,45.767899558689734,51.01947976588476,0,0,0,0,0,13,13,1,1
48,1954,3,3,3,19784.125,57.59725709691706,-149.93141717813756,288,483,975.532504831602,995.532504831602,20.0,34.67286788473723,15.555773480803763,431.0607800064717,583750,-1.523181236894743,-12.498970454557284,15.602595796046867,30.144651188814652,33.94320242508247,0,0,0,0,0,11,11,1,1
48,1954,3,3,6,19784.25,58.20177101710345,-149.31675911893325,288,480,976.0992979174762,1000.0992979174762,24.0,35.64981977492343,11.617603106229216,676.8805599408167,1439375,0.5667930858742329,4.620327325678283,12.004617523875464,22.40629367024656,25.419536540461724,0,0,0,0,0,10,10,1,1
48,1954,3,3,9,19784.375,58.92191016493037,-149.03624346792648,289,477,978.2738055792247,1004.2738055792247,26.0,34.374610329520884,10.081651746510033,764.3936059558065,1835625,2.174507661748503,17.59025643854029,5.36714612531761,26.69193990549659,27.226199026840913,0,0,0,0,0,10,10,1,1
48,1954,3,3,12,19784.5,59.56015718708069,-149.32893966766167,291,475,982.6798578643585,1004.6798578643585,22.0,30.748242728174507,13.305227101481796,718.6499776199819,1622500,4.406052285133773,35.4063863551775,-5.496348837307815,23.656610269704476,24.286726004014255,0,0,0,0,0,11,11,1,1
48,1954,3,3,15,19784.625,59.56015718708069,-149.32893966766167,291,475,986.3841286547685,1006.3841286547685,20.0,27.97222460071881,16.866334315084895,733.175163445187,1688750,3.7042707904099372,29.76697376287965,0.0,0.0,0.0,0,0,0,0,0,14,14,1,1
48,1954,3,3,18,19784.75,59.35985616631122,-149.54520274117434,291,476,989.9163965830961,1007.9163965830961,18.0,26.07119624632938,18.37574316576356,722.5151993843567,1640000,3.5322679283276375,28.443389322492326,-4.085198114754552,-7.424152437097321,8.47389420786289,0,0,0,0,0,14,14,1,1
48,1954,3,3,21,19784.875,59.15901054579958,-149.75872446075647,291,477,993.80206780279,1009.80206780279,16.0,22.824685484913147,18.229708030376788,758.3839236154316,1806875,3.8856712196939043,31.354446833958114,-4.057258525055528,-7.444338013224014,8.478178766354707,0,0,0,0,0,16,16,1,2
48,1954,3,4,0,19785.0,58.840408538355774,-149.60846693392887,290,478,997.2011037143637,1011.2011037143637,14.0,19.377651967734902,15.198700435827487,803.2274587928196,2026875,3.3990359115737374,27.519460938635895,2.8816824198629414,-11.808975615507782,12.155492530399767,0,0,0,0,0,15,15,1,4
48,1954,3,4,3,19785.125,58.40220396845925,-149.1068047370731,288,479,1000.2864540839464,1004.2864540839464,4.0,16.750102748187086,14.19964429068612,192.8794129702041,116875,3.0853503695827387,25.096574631831654,9.742413012322682,-16.242041668318315,18.939866125663684,0,0,0,2,0,16,16,1,1
48,1954,3,4,6,19785.25,57.83884350821881,-148.27326971414305,285,480,1003.3465317009503,1007.3465317009503,4.0,15.00471212221315,11.643865288584566,246.32868702971868,190625,3.060077617003844,25.043687445248544,16.44535734655844,-20.880941683626922,26.579381178858018,0,0,0,0,0,13,13,1,1
48,1954,3,4,9,19785.375,57.4648164197401,-147.2527595155474,282,480,1006.0651174005227,1010.0651174005227,4.0,12.695134723777548,8.672675477668891,299.8708769569344,282500,2.7185856995724316,22.34109567331045,20.342852122968292,-13.863304888822407,24.61753145498961,0,0,0,0,0,11,11,1,1
48,1954,3,4,12,19785.5,57.27434932216995,-146.03420900325025,279,479,1008.4815561349388,1010.4815561349388,2.0,9.934431855846743,6.045451277694737,228.30515513802078,163750,2.4164387344161513,19.90039079959807,24.41693577977332,-7.05965831417193,25.41703224978147,0,0,0,0,0,13,13,1,1
48,1954,3,4,15,19785.625,57.06870324191311,-144.82989233463746,276,478,1009.7186869893779,1011.7186869893779,2.0,8.345418615180611,5.428256742698286,255.44769849751455,205000,1.2371308544390194,10.211913137551537,24.266357496647352,-7.622266936299948,25.435311270029793,0,0,0,0,0,13,13,1,1
48,1954,3,4,18,19785.75,57.06870324191311,-144.82989233463746,276,478,,,,8.345418615180611,,0.0,0,0.0,,0.0,0.0,0.0,0,3,0,0,0,13,13,0,0
49,1954,3,2,0,19783.0,31.75389608496913,-8.912693812996794,321,114,1004.4676068389485,1008.4676068389485,4.0,8.354132708309614,5.58828412864088,322.87224675588243,327500,,,,,,3,0,0,0,0,0,0,1,1
49,1954,3,2,3,19783.125,32.16076719219439,-8.03165609448374,325,115,1002.9758354795143,1006.9758354795143,4.0,8.837521850237561,5.676936720458253,274.9519921161698,237500,-1.491771359434206,-19.416416855353198,27.64481249112293,15.080667640567878,31.490668366273486,0,0,0,0,0,0,0,1,1
49,1954,3,2,6,19783.25,33.68985101175675,-6.313933370336252,333,120,1002.0094489905167,1006.0094489905167,4.0,9.039732158707208,6.8653992610271235,285.5992092681567,256250,-0.9663864889976685,-12.070231797071761,52.97396094708346,56.67545438320587,77.57801020885991,0,0,0,0,0,0,0,1,1
49,1954,3,2,9,19783.375,35.010952267793215,-5.96448710125312,335,125,1003.2970618075365,1007.2970618075365,4.0,8.59214506672389,10.412842328822663,291.46003306679825,266875,1.2876128170198353,15.54877117548181,10.608409677570409,48.966585751669804,50.102543608711144,0,0,0,0,0,1,1,1,1
49,1954,3,2,12,19783.5,34.47512868801144,-3.253311900101621,346,122,1003.4361459117594,1007.4361459117594,4.0,7.709943161793569,14.35326988145629,341.1481381100423,365625,0.1390841042228567,1.7023329969199383,82.83836890767938,-19.860287882753138,85.1858344918368,0,0,0,0,0,1,1,1,1
49,1954,3,2,15,19783.625,34.47512868801144,-3.253311900101621,346,122,1001.6097953038652,1003.6097953038652,2.0,7.831045007576432,17.125498760582122,130.80197392386228,53750,-1.8263506078941283,-22.353790328054103,0.0,0.0,0.0,0,0,0,0,0,0,0,1,1
49,1954,3,2,18,19783.75,31.514342789746305,-4.94486629209684,338,111,1001.9443536049757,1003.9443536049757,2.0,8.093883979565739,10.56530773181883,230.04134101951155,166250,0.3345583011105191,4.43434999012736,-53.44960765781996,-109.74145692261186,122.06575247083991,0,0,0,0,0,0,0,1,1
49,1954,3,2,21,19783.875,31.793361254660844,-4.734902796874956,339,112,1002.5236750058955,1004.5236750058955,2.0,8.968229159061247,19.913261155394355,269.1012803886529,227500,0.5793214009197254,7.618108878023303,6.614587043394856,10.34181257954985,12.2762310659739,0,0,0,0,0,0,0,1,1
49,1954,3,3,0,19784.0,31.55681681534398,-4.4868526385484175,340,111,1003.8963825086088,1003.8963825086088,0.0,7.850524941858627,13.643015041821421,14.104739588693906,625,1.3727075027133104,18.172368121164514,7.834381485765951,-8.767513859339068,11.757841321357205,0,0,0,0,0,0,0,1,1
49,1954,3,3,3,19784.125,31.55681681534398,-4.4868526385484175,340,111,,,,7.850524941858627,,0.0,0,0.0,,0.0,0.0,0.0,0,3,0,0,0,0,0,0,0
53,1954,3,2,0,19783.0,7.033518475179879,132.1196224471524,610,586,1001.6571152789809,1007.6571152789809,6.0,7.861302757828996,3.8735310201595716,512.6447110626347,825625,,,,,,3,0,0,0,0,17,17,1,1
53,1954,3,2,3,19783.125,6.8094925586187385,132.00608669503944,611,586,1001.605259116814,1007.605259116814,6.0,7.542097249136378,3.2632398278946493,1664.6580738724583,8705625,-0.05185616216695053,-3.0300636172835986,-4.178514709862277,-8.303515119498666,9.295609098939044,0,0,0,0,0,21,21,1,1
53,1954,3,2,6,19783.25,7.1603046373326364,131.2738143137101,613,582,999.7210608463506,1003.7210608463506,4.0,7.693191966570755,2.721978170131042,364.2738445220405,416875,-1.8841982704633846,-104.72958669564728,-26.929985302658576,13.002841119539026,29.904815424633234,0,0,0,0,0,22,22,1,1
53,1954,3,2,9,19783.375,7.1317301343526225,131.03415920101608,614,581,999.8307459076727,1005.8307459076727,6.0,7.91460287611684,3.0267839985764295,669.6409875160086,1408750,0.10968506132208859,6.120936248143284,-8.81408746795297,-1.059113254255808,8.877491694057838,0,0,0,0,0,25,25,1,1
53,1954,3,2,12,19783.5,7.882408015604377,130.2765447165105,615,576,999.5491567130364,1007.5491567130364,8.0,9.628034164118114,6.05980171568146,1579.1640239605051,7834375,-0.28158919463632626,-14.225618036889108,-27.81563885181124,27.823857313160524,39.343065469247655,0,0,0,0,0,19,19,1,1
53,1954,3,2,15,19783.625,8.038962013402982,129.90430008044137,616,574,1000.673921217497,1006.673921217497,6.0,8.688457205457684,3.807237716287127,487.1753369022173,745625,1.1247645044606178,55.722516844264035,-13.661655161374739,5.802670100376065,14.842904097315843,0,0,0,0,0,22,22,1,1
53,1954,3,2,18,19783.75,8.000489052392174,129.66301729384818,617,573,998.4335256106428,1006.4335256106428,8.0,9.483574590039364,6.277066879931299,1255.0840805507949,4948750,-2.2403956068541446,-111.52279662375506,-8.856095805019462,-1.425999359131843,8.970167617158987,0,0,0,0,0,19,19,1,1
53,1954,3,2,21,19783.875,8.337025449865267,128.05586948900677,622,565,997.4279402915208,1005.4279402915208,8.0,10.699489081572567,14.686701086194592,562.0698907052505,992500,-1.0055853191220376,-48.04903445912714,-58.93934709256571,12.473713343414822,60.24483513357489,0,0,0,0,0,20,20,1,1
53,1954,3,3,0,19784.0,8.337025449865267,128.05586948900677,622,565,994.3898178850797,1008.3898178850797,14.0,15.912182783790835,35.32364615451814,722.2397981167245,1638750,-3.038122406441107,-145.16803837747662,0.0,0.0,0.0,0,0,0,0,0,18,18,1,1
53,1954,3,3,3,19784.125,8.520627542991008,127.92028868607859,622,564,993.2666575649565,1007.2666575649565,14.0,16.739844651812064,44.43066483814342,519.9658253937054,849375,-1.1231603201231337,-52.51887089149156,-4.969832808416289,6.805207092301452,8.426747991527984,0,0,0,0,0,15,15,1,1
53,1954,3,3,6,19784.25,8.703419262749849,127.78420615190917,622,563,991.9152270165895,1003.9152270165895,12.0,15.821238479308466,36.15460391128632,406.1087413230311,518125,-1.3514305483670614,-61.87547715258549,-4.985814599297627,6.775170623272303,8.411972669536045,0,0,0,0,0,14,14,1,1
53,1954,3,3,9,19784.375,9.2469386876623,127.37293576656322,622,560,993.2040980014204,1005.2040980014204,12.0,14.584775078555468,33.179352714779306,606.3397715326599,1155000,1.28887098483101,55.57016340481639,-15.045633006086547,20.145534194344265,25.143858505196352,0,0,0,0,0,15,15,1,1
53,1954,3,3,12,19784.5,9.486666909061016,126.6090688883911,624,556,993.6607337435423,1005.6607337435423,12.0,15.282915763162462,34.25797337976393,483.6918092598697,735000,0.45663574212187086,19.194891113582493,-27.925496463455172,8.885520664353574,29.305047862221652,0,0,0,0,0,15,15,1,1
53,1954,3,3,15,19784.625,9.708583321122251,125.84157759154273,626,552,994.833675824789,1006.833675824789,12.0,14.537817667400947,40.09728614116881,544.0847306724618,930000,1.1729420812465832,48.18858872117929,-28.03962777032827,8.225326386790922,29.22116903321637,0,0,0,0,0,18,18,1,1
53,1954,3,3,18,19784.75,9.983707257737654,125.31418475008603,627,549,992.4424423582257,1004.4424423582257,12.0,15.39070564944372,48.70136229576121,429.6739856991561,580000,-2.3912334665632806,-95.55938306966502,-19.251790153778256,10.197461983370696,21.78576725817578,0,0,0,0,0,18,18,1,1
53,1954,3,3,21,19784.875,10.175348515455758,124.54009090707088,629,545,991.0673963406193,1005.0673963406193,14.0,16.202795541570758,56.14796479298405,552.9705547452811,960625,-1.3750460176063644,-53.92578709663353,-28.24049011926398,7.103178531345147,29.12010349268026,0,0,0,0,0,20,20,1,1
53,1954,3,4,0,19785.0,10.429243624000849,124.00661557325279,630,542,999.457177735152,1007.457177735152,8.0,9.80124661626922,40.05835705168349,646.2064545772971,1311875,8.38978139453262,321.10123952618744,-19.446578111904202,9.410615990027857,21.603913848517347,0,0,0,0,0,19,19,1,1
53,1954,3,4,3,19785.125,10.750954271594892,123.0792614600777,632,537,1002.3975662678723,1006.3975662678723,4.0,7.891048371300235,21.720650850353778,177.29382747475822,98750,2.9403885327203896,109.20749314254086,-33.76901671335149,11.924197286664365,35.81246948644991,0,0,0,0,0,21,21,1,1
53,1954,3,4,6,19785.25,10.576090324397711,122.59258147259926,634,535,999.3132561309291,1005.3132561309291,6.0,9.06691533831504,32.070962390718925,431.52205438136946,585000,-3.0843101369432406,-116.42472047878351,-17.732337699847896,-6.481327927122875,18.879709002003974,0,0,0,0,0,16,16,1,1
53,1954,3,4,9,19785.375,10.394118562401939,122.10771360336118,636,533,999.2940539103124,1005.2940539103124,6.0,8.885337648399442,28.702212245595724,418.17639068008134,549375,-0.01920222061671666,-0.7373807158720005,-17.676699714715678,-6.744778908833568,18.919771545483194,0,0,0,0,0,13,13,1,1
53,1954,3,4,12,19785.5,10.050274281699364,121.77364292706866,638,532,997.6994193625128,1007.6994193625128,10.0,12.35859076771974,33.51002362073275,537.0924821239452,906250,-1.5946345477995054,-63.30760943934033,-12.192314274135793,-12.74457985662468,17.637370639672426,0,0,0,0,0,15,15,1,1
53,1954,3,4,15,19785.625,9.702292235401902,121.44195746372175,640,531,999.6115791361448,1007.6115791361448,8.0,11.288583825497323,28.67604439637209,341.7307997440064,366875,1.9121597736318654,78.60870295665288,-12.118069912341616,-12.897946037223202,17.697588264493014,0,0,0,0,0,15,15,1,1
53,1954,3,4,18,19785.75,9.856007583943507,121.29303899592021,640,530,998.1670619962405,1006.1670619962405,8.0,11.767115641670738,25.540228250470463,367.53606346758164,424375,-1.444517139904201,-58.46674174484214,-5.438194919085488,5.697455635075446,7.876227821211127,0,0,0,0,0,10,10,1,1
53,1954,3,4,21,19785.875,10.008893215968069,121.14364849830146,640,529,997.2338922408621,1005.2338922408621,8.0,12.459724430009961,25.937594758652992,303.16988576632997,288750,-0.9331697553783306,-37.198799036348554,-5.4528839577979396,5.6667022126594375,7.86418828768548,0,0,0,0,0,12,12,1,1
53,1954,3,5,0,19786.0,9.90816075112904,120.90385505937321,641,528,1000.313501714507,1008.313501714507,8.0,11.508738898907277,30.98692921761322,400.68385148886324,504375,3.079609473644814,123.99740518931601,-8.755372637695505,-3.7336463461671396,9.518228042191172,0,0,0,0,0,12,12,1,1
53,1954,3,5,3,19786.125,9.955825017851007,120.51426957525524,642,526,1002.331655473187,1008.331655473187,6.0,10.174178946145988,27.53774737046537,166.88952945311365,87500,2.0181537586799823,80.87381090442886,-14.222528969242116,1.766674880571892,14.331834160866324,0,0,0,0,0,12,12,1,1
53,1954,3,5,6,19786.25,9.955825017851007,120.51426957525524,642,526,999.5834144258167,1005.5834144258167,6.0,10.488151272540668,26.65575083360789,198.97183743964612,124375,-2.7482410473702474,-110.13072013412172,0.0,0.0,0.0,0,0,0,0,0,11,11,1,1
53,1954,3,5,9,19786.375,9.850612887925898,120.27528239237928,643,525,999.520736803433,1005.520736803433,6.0,10.13405453779692,23.48832089119096,337.92554160411566,358750,-0.06267762238378055,-2.538248476347061,-8.727461008220097,-3.8996850230466813,9.559085674319315,0,0,0,0,0,15,15,1,1
53,1954,3,5,12,19786.5,9.743635765265777,120.03681801318999,644,524,1001.3839513820344,1007.3839513820344,6.0,9.826085292260371,21.944191525457356,372.9096828007334,436875,1.8632145786014735,76.27468061849389,-8.711177092908645,-3.965104435612771,9.571136793993302,0,0,0,0,0,17,17,1,1
53,1954,3,5,15,19786.625,9.524391722228962,119.56148364580658,646,522,1002.9161641017525,1008.9161641017525,6.0,9.490626964386362,22.107279444736413,396.94255713009204,495000,1.5322127197180817,64.15449043927657,-17.375392054416647,-8.126275094245035,19.181777705729786,0,0,0,0,0,15,15,1,1
53,1954,3,5,18,19786.75,9.412127362839021,119.32462639222545,647,521,1002.4302396056281,1008.4302396056281,6.0,9.42539359425479,20.248543637276452,1313.5594873453622,5420625,-0.485924496124353,-20.586346757119102,-8.660920012312467,-4.161075735720941,9.608646457128087,0,0,0,0,0,15,15,1,1
53,1954,3,5,21,19786.875,9.038764719199014,119.0041676864771,649,520,1002.8279029757717,1008.8279029757717,6.0,8.90168556554646,14.734935665643134,999.5474752403574,3138750,0.39766337014356395,17.536892404485982,-11.73029853914008,-13.838677257123026,18.141358605246904,0,0,0,0,0,15,15,1,1
53,1954,3,6,0,19787.0,9.18232026688716,118.85256281070411,649,519,1005.0140028527142,1009.0140028527142,4.0,8.520612359877209,16.52999761652434,324.40901053995987,330625,2.186099876942462,94.91207443932737,-5.547223631736915,5.320882864867602,7.6865782037355315,0,0,0,0,0,18,18,1,1
53,1954,3,6,3,19787.125,8.80381236173595,118.53466252742318,651,518,1006.5907568176295,1010.5907568176295,4.0,7.9721164489415175,11.762426272972515,408.0635480043464,523125,1.5767539649154059,71.37509545308626,-11.644141323404627,-14.029386249224803,18.23210645233724,0,0,0,0,0,21,21,1,1
53,1954,3,6,6,19787.25,8.80381236173595,118.53466252742318,651,518,,,,7.9721164489415175,,0.0,0,0.0,,0.0,0.0,0.0,0,3,0,0,0,21,21,0,0
62,1954,3,2,9,19783.375,40.97579618299382,-67.97272133082866,163,280,1005.9573155801373,1005.9573155801373,0.0,7.72171055092795,9.940815476044154,14.104739588693906,625,,,,,,3,0,0,0,0,6,6,1,1
62,1954,3,2,12,19783.5,39.74640734934864,-66.21182481797977,161,272,1006.5581810638647,1008.5581810638647,2.0,10.110740523745832,6.714485660715363,162.05112036071435,82500,0.6008654837273935,6.5107571771471235,50.182259891205604,-45.56726705827176,67.78373724536263,0,0,0,0,0,6,6,1,1
62,1954,3,2,15,19783.625,39.244978076897716,-64.42977044643128,162,265,1008.7121974504797,1010.7121974504797,2.0,9.695573847708678,7.324419282052987,190.8053805118479,114375,2.154016386614967,23.58928207093538,51.152866877169764,-18.585463722537998,54.42458315444619,0,0,0,0,0,5,5,1,1
62,1954,3,2,18,19783.75,39.69827998263328,-63.611969205639575,165,263,1008.4460196696438,1010.4460196696438,2.0,9.644547760478284,8.982478803189515,158.3253092116782,78750,-0.2661777808360057,-2.887121730516411,23.322372815281952,16.80162405203478,28.744175836522363,0,0,0,0,0,4,4,1,1
62,1954,3,2,21,19783.875,40.2526087347478,-63.01760921469002,168,262,1008.8165262611948,1010.8165262611948,2.0,9.810305487638342,6.914703340518535,172.74707473566775,93750,0.37050659155109317,3.9726228964502304,16.813284809549117,20.54618164278142,26.548674659673377,0,0,0,0,0,4,4,1,1
62,1954,3,3,0,19784.0,42.42237143131292,-61.13440108555822,179,260,1007.4748037139288,1013.4748037139288,6.0,12.196701901983433,6.69154331545862,285.5992092681567,256250,-1.3417225472659629,-13.779802925665496,51.52553091391513,80.42220129355253,95.51235939322986,0,0,0,0,0,3,3,1,1
62,1954,3,3,3,19784.125,42.94596074521968,-60.48158305539897,182,259,1009.4264327124125,1015.4264327124125,6.0,10.202065099113629,5.892212004864123,389.35213277318815,476250,1.9516289984836477,19.846056336737814,17.711846471275244,19.406825117245823,26.274214860836256,0,0,0,0,0,2,2,1,1
62,1954,3,3,6,19784.25,43.213634603798724,-59.32683664578614,185,256,1009.4106183386149,1015.4106183386149,6.0,10.255677004133368,5.253472841220501,376.6256006044354,445625,-0.015814373797620646,-0.16001446766020805,31.19310854933415,9.921325023121165,32.732899523032685,0,0,0,0,0,2,2,1,1
62,1954,3,3,9,19784.375,43.66843941862862,-58.009722454501684,189,253,1010.4687588728823,1016.4687588728823,6.0,9.44834786247993,4.5749480631231565,429.4424179185537,579375,1.0581405342674406,10.61720753174583,35.31259488602944,16.857329340867235,39.12989790545454,0,0,0,0,0,4,4,1,1
62,1954,3,3,12,19784.5,44.028619693715825,-56.031219970133996,194,248,1010.9673021193613,1014.9673021193613,4.0,10.442212286158696,3.9405710767341953,306.43338007504707,295000,0.49854324647894827,4.969671174153175,52.72473301229513,13.350073089046331,54.388619422639174,0,0,0,0,0,4,4,1,1
62,1954,3,3,15,19784.625,44.55629695205541,-54.900973904764996,198,246,1011.336695944049,1015.336695944049,4.0,9.693232396386867,3.2803685141933965,325.3275843762874,332500,0.36939382468772236,3.647662418393032,29.850771281143516,19.55834467769072,35.68749630627645,0,0,0,0,0,5,5,1,1
62,1954,3,3,18,19784.75,45.2598026192154,-53.571963359104245,203,244,1011.4356402256226,1015.4356402256226,4.0,8.438995313008961,4.157355152178497,365.90858950844125,420625,0.09894428157364019,0.9650858517660191,34.67320669558719,26.075420351295605,43.3838542438506,0,0,0,0,0,4,4,1,1
62,1954,3,3,21,19784.875,45.20980399577161,-52.512144103052755,205,241,1012.2285137241488,1016.2285137241488,4.0,8.168146517393085,3.088957546925158,357.93816391798146,402500,0.792873498526169,7.740250941324563,27.67459560320229,-1.8531977553874228,27.73657483759227,0,0,0,0,0,4,4,1,1
62,1954,3,4,0,19785.0,45.20980399577161,-52.512144103052755,205,241,,,,8.168146517393085,,0.0,0,0.0,,0.0,0.0,0.0,0,3,0,0,0,4,4,0,0
68,1954,3,2,12,19783.5,67.768834108506,-155.12345107774297,318,449,986.4444815173239,986.4444815173239,0.0,19.40955846673357,26.610077038341405,14.104739588693906,625,,,,,,3,0,0,0,0,12,12,1,1
68,1954,3,2,15,19783.625,67.768834108506,-155.12345107774297,318,449,985.3470743412505,985.3470743412505,0.0,20.16923664877244,31.717166781012416,14.104739588693906,625,-1.0974071760733204,-8.21362002472196,0.0,0.0,0.0,0,0,0,0,0,13,13,1,1
68,1954,3,2,18,19783.75,67.768834108506,-155.12345107774297,318,449,986.9809367734491,988.9809367734491,2.0,19.05643530795519,31.226340940199147,86.9474542287756,23750,1.6338624321985116,12.228756548471853,0.0,0.0,0.0,0,0,0,0,0,10,10,1,1
68,1954,3,2,21,19783.875,69.29592210514896,-145.1866297599448,307,435,985.7011116224978,991.7011116224978,6.0,23.21357778939507,45.916269349836874,262.363322298001,216250,-1.2798251509512193,-9.479056947322135,130.069349423143,56.60147925549989,141.8512006056715,0,0,0,0,0,10,10,1,1
68,1954,3,3,0,19784.0,72.25624442171224,-144.79984866886764,314,424,990.329536807375,994.329536807375,4.0,22.078745768789467,3.6070730144697882,292.8220032558322,269375,4.628425184877123,33.66830456539689,4.3690486538271704,109.72427427816828,109.81122416224223,0,0,0,0,0,9,9,1,1
68,1954,3,3,3,19784.125,73.07301876633028,-144.72757855140162,316,421,990.8580940196533,996.8580940196533,6.0,21.944118708388658,3.1280436704752357,352.3362819972964,390000,0.5285572122783924,3.8277844890762776,0.7799079141898231,30.27372111165352,30.283765391720888,0,0,0,0,0,8,8,1,1
68,1954,3,3,6,19784.25,74.20409204202426,-144.84113175963438,319,417,991.2086149138082,1001.2086149138082,10.0,22.83603431051698,2.138855308606653,470.9800440935147,696875,0.3505208941549063,2.5237845642035954,-1.1456964563599694,41.923203306804204,41.938855443058465,0,0,0,0,0,7,7,1,1
68,1954,3,3,9,19784.375,75.39924461243153,-146.92073853992233,324,414,990.630035612855,1002.630035612855,12.0,24.429784342413868,2.811483403640086,499.87324458734105,785000,-0.578579300953279,-4.142286619207577,-19.42963555561846,44.298300798497465,48.37199800978159,0,0,0,0,0,9,9,1,1
68,1954,3,3,12,19784.5,76.212937253273,-146.95658424314914,326,411,990.0381281785428,1004.0381281785428,14.0,25.10686128011615,2.567141396691804,561.3615477764332,990000,-0.5919074343121611,-4.222513571969156,-0.3166289969365849,30.1594978365282,30.16115985291763,0,0,0,0,0,10,10,1,1
68,1954,3,3,15,19784.625,77.33742583903465,-147.29526642299817,329,407,990.0681758396511,1006.0681758396511,16.0,26.928024147410323,3.039542078696759,616.1043249922617,1192500,0.030047661108255852,0.21336579844814657,-2.7517800207698864,41.67914193546975,41.76988347792871,0,0,0,0,0,12,12,1,1
68,1954,3,3,18,19784.75,78.26920402518324,-148.28486648490218,332,404,990.2822902906063,1008.2822902906063,18.0,27.48258912470365,3.494614005449112,680.5445498991344,1455000,0.2141144509552396,1.5150727356423221,-7.4573523751616415,34.53633568593088,35.33228816618917,0,0,0,0,0,11,11,1,1
68,1954,3,3,21,19784.875,79.07997724183848,-148.43102887068167,334,401,990.8307726188339,1008.8307726188339,18.0,27.37920022021689,3.5618124338320922,684.1889186248468,1470625,0.5484823282275465,3.870074131250152,-1.0262842870549742,30.05128945045082,30.068808707240674,0,0,0,0,0,11,11,1,1
68,1954,3,4,0,19785.0,79.89007688074452,-148.60054251665875,336,398,991.0318353084585,1007.0318353084585,16.0,27.24596190103021,3.6533221696950204,619.6461088469753,1206250,0.20106268962466856,1.4149737659514596,-1.1029033906897991,30.026323307647004,30.046571971932853,0,0,0,0,0,9,9,1,1
68,1954,3,4,3,19785.125,80.50666582822075,-149.50016676655255,338,396,990.7084371577113,1006.7084371577113,16.0,27.178344860398862,4.3120668059650775,619.0036554768785,1203750,-0.3233981507472345,-2.2716792216537125,-5.499557164319642,22.853854261488323,23.506249883998244,0,0,0,0,0,9,9,1,1
68,1954,3,4,6,19785.25,81.12028811565193,-150.52411099675425,340,394,990.7982206949657,1004.7982206949657,14.0,26.962743922762268,4.884628038535521,555.3041529113096,968750,0.08978353725440684,0.6295844228403129,-5.8582875402160415,22.743895079458643,23.486257605018164,0,0,0,0,0,7,7,1,1
68,1954,3,4,9,19785.375,81.73037426799948,-151.69924423399362,342,392,991.1097906886093,1005.1097906886093,14.0,26.96136837737676,5.5529547628726865,551.8901814148488,956875,0.31156999364364313,2.1813010167459526,-6.264662693069144,22.612828319049374,23.464569104177762,0,0,0,0,0,7,7,1,1
68,1954,3,4,12,19785.5,82.23194599899121,-155.2825590889166,345,391,991.8367858258858,1003.8367858258858,12.0,26.83966470222773,5.8086856566464125,470.1344778027556,694375,0.7269951372765354,5.083418780737097,-17.948885857203635,18.590743944869818,25.84140599771302,0,0,0,0,0,10,10,1,1
68,1954,3,4,15,19785.625,82.82376758830202,-157.03622694014544,347,389,992.3346772166797,1004.3346772166797,12.0,25.880377832702123,6.091850188922981,478.7307364817192,720000,0.4978913907938113,3.4767273133565313,-8.119553655024658,21.935852736693718,23.390356706188506,0,0,0,0,0,9,9,1,1
68,1954,3,4,18,19785.75,83.05861782993202,-162.14968169778317,350,389,993.2082035654441,1013.2082035654441,20.0,25.054523179118824,5.672599109872462,895.2899430612174,2518125,0.873526348764426,6.0966546381136,-22.897945790341172,8.704718463501544,24.496694571844333,0,0,0,0,0,7,7,1,1
68,1954,3,4,21,19785.875,83.39983699607741,-165.25643716352928,352,388,995.0255044242958,1013.0255044242958,18.0,23.90097445453068,5.350706766462099,823.286775001645,2129375,1.8173008588516677,12.67463157962727,-13.233947001513062,12.647280049751208,18.305492233089268,0,0,0,0,0,8,8,1,1
68,1954,3,5,0,19786.0,83.4994975222783,-169.07719528013072,354,388,996.647814893069,1014.647814893069,18.0,23.04020896912608,5.402414535108692,852.4912075167503,2283125,1.622310468773212,11.31242576692211,-16.029722547696586,3.693914966755281,16.449833213067876,0,0,0,0,0,8,8,1,1
68,1954,3,5,3,19786.125,83.75959228781907,-170.7066914006029,355,387,998.465267462792,1008.465267462792,10.0,21.632850499535266,5.789347105282722,414.1128483656565,538750,1.8174525697229547,12.666736874646434,-6.564987942059169,9.64040612497992,11.66346847785566,0,0,0,0,0,7,7,1,1
68,1954,3,5,6,19786.25,83.791856050341,-172.74680538727466,356,387,999.5294132762149,1009.5294132762149,10.0,20.91375546585379,5.743252593352372,432.90292848478947,588750,1.064145813422947,7.416109471898851,-8.176821190207496,1.19585556896836,8.263805135557044,0,0,0,0,0,6,6,1,1
68,1954,3,5,9,19786.375,83.791856050341,-172.74680538727466,356,387,1001.474812595258,1013.474812595258,12.0,19.80446566476095,5.761343617262828,546.6382767928291,938750,1.945399319043063,13.557629165662727,0.0,0.0,0.0,0,0,0,0,0,9,9,1,1
68,1954,3,5,12,19786.5,83.791856050341,-172.74680538727466,356,387,1002.4232632067897,1016.4232632067897,14.0,19.481032513605594,5.779443606258065,654.0098696193114,1343750,0.9484506115317345,6.609821205971469,0.0,0.0,0.0,0,0,0,0,0,12,12,1,1
68,1954,3,5,15,19786.625,83.75959228781907,-170.7066914006029,355,387,1003.6372473962901,1017.6372473962901,14.0,18.22102990098577,5.250541597891933,714.0676781164791,1601875,1.2139841895004793,8.460863603569873,8.219148503318694,-1.19585556896836,8.30568917438153,0,0,0,0,0,11,11,1,1
68,1954,3,5,18,19786.75,83.98071352368139,-170.36246188706906,355,386,1004.8512975943323,1016.8512975943323,12.0,17.717697402600912,5.2472182973621235,629.2041965380473,1243750,1.214050198042096,8.457817382189694,1.3379330706516246,8.195853200421567,8.304340707389343,0,0,0,0,0,11,11,1,1
68,1954,3,5,21,19786.875,83.93915898282918,-168.27488798483492,354,386,1005.9911009464103,1015.9911009464103,10.0,17.06783546600118,5.267160757018501,545.3629982891939,934375,1.1398033520780155,7.941177762033546,8.169243443780667,-1.5402180406024732,8.313170878572793,0,0,0,0,0,11,11,1,1
68,1954,3,6,0,19787.0,84.10712801745831,-165.6997225508144,353,385,1006.3921586665332,1016.3921586665332,10.0,16.66048542116139,4.364323362551586,559.9421737028154,985000,0.40105772012291707,2.7933706869309947,9.798759899868552,6.225768161380608,11.609301648873304,0,0,0,0,0,13,13,1,1
68,1954,3,6,3,19787.125,84.04780176687512,-163.61045966596524,352,385,1006.8647624598374,1016.8647624598374,10.0,16.308778495148623,4.703939527837429,569.8035485213009,1020000,0.47260379330415164,3.292043332492382,8.029829298384488,-2.198926027231287,8.325469009877407,0,0,0,0,0,16,16,1,1
68,1954,3,6,6,19787.25,83.98071352368139,-161.565051177078,351,385,1007.8070138665728,1015.8070138665728,8.0,15.242752418436025,4.893684513849439,484.3083701338237,736875,0.9422514067354496,6.564300503498165,7.94957987473916,-2.4866240935468475,8.32941291853547,0,0,0,0,0,13,13,1,1
68,1954,3,6,9,19787.375,84.1156518348472,-158.80594351845772,350,384,1008.5319346431369,1016.5319346431369,8.0,14.628346513137759,4.4788441219229576,493.06102621569084,763750,0.724920776564104,5.049002363871824,10.483416615928169,5.001485203874955,11.615372494573686,0,0,0,0,0,8,8,1,1
68,1954,3,6,12,19787.5,84.03095929340877,-156.80140948635182,349,384,1008.6992351707325,1018.6992351707325,10.0,14.365683530204674,4.686879231949643,665.0201486546135,1389375,0.16730052759565298,1.1654106427089586,7.72593898891917,-3.139126977529606,8.339319603034502,0,0,0,0,0,8,8,1,1
68,1954,3,6,15,19787.625,83.93915898282918,-154.85521436932106,348,384,1009.1210223237687,1019.1210223237687,10.0,13.287320249873243,4.722609785107343,710.5765665704421,1586250,0.4217871530361299,2.9386531930226285,7.61604438774706,-3.4025762669478232,8.341562046075667,0,0,0,0,0,6,6,1,1
68,1954,3,6,18,19787.75,83.93915898282918,-154.85521436932106,348,384,1009.5714769428446,1019.5714769428446,10.0,12.786624795562924,4.408352406058111,739.7932552796458,1719375,0.45045461907589923,3.1383836495034108,0.0,0.0,0.0,0,0,0,0,0,9,9,1,1
68,1954,3,6,21,19787.875,84.03937460453062,-151.99082329198617,347,383,1010.5609656659408,1018.5609656659408,8.0,11.570588502177378,4.29258460510362,643.8933349199908,1302500,0.9894887230961467,6.8926440878684945,11.023939618991285,3.7144895679095935,11.632913541898045,0,0,0,0,0,10,10,1,1
68,1954,3,7,0,19788.0,84.03937460453062,-151.99082329198617,347,383,1010.7518235832163,1018.7518235832163,8.0,11.011307521209662,3.9993355766599423,655.8324738116031,1351250,0.1908579172755708,1.3294903361971222,0.0,0.0,0.0,0,0,0,0,0,8,8,1,1
68,1954,3,7,3,19788.125,84.23630368911435,-150.94539590092285,347,382,1011.0537477935202,1017.0537477935202,6.0,10.020605245445502,3.618525362622313,550.0848439590624,950625,0.30192421030384137,2.102420993739917,3.891323788170687,7.299171704822627,8.271656932009833,0,0,0,0,0,10,10,1,1
68,1954,3,7,6,19788.25,84.23630368911435,-150.94539590092285,347,382,1011.0192696517787,1015.0192696517787,4.0,9.386448812128535,3.497699341913976,392.6593321446386,484375,-0.03447814174141968,-0.24008531462035923,0.0,0.0,0.0,0,0,0,0,0,8,8,1,1
68,1954,3,7,9,19788.375,84.00578396858516,-147.20046872738078,345,382,1011.1717361138569,1015.1717361138569,4.0,8.339234437830402,3.416238554777447,427.11983508037304,573125,0.152466462078155,1.0621258694743434,14.49265203673068,-8.544207804788885,16.823806051817446,0,0,0,0,0,5,5,1,1
68,1954,3,7,12,19788.5,84.315212592827,-147.87500155961249,346,381,1011.2741286963798,1013.2741286963798,2.0,7.545111425966958,2.383177495982454,246.73217409298277,191250,0.10239258252287982,0.7129027442295132,-2.4765274046924977,11.468964391432724,11.733300140972476,0,0,0,0,0,10,10,1,1
68,1954,3,7,15,19788.625,84.315212592827,-147.87500155961249,346,381,,,,7.545111425966958,,0.0,0,0.0,,0.0,0.0,0.0,0,3,0,0,0,10,10,0,0
71,1954,3,1,15,19782.625,69.31079134641799,-95.30732684933119,268,368,1016.3304640519071,1016.3304640519071,0.0,11.907610460257008,4.947488965382581,14.104739588693906,625,,,,,,3,0,0,0,0,13,13,1,1
71,1954,3,1,18,19782.75,69.08390314563502,-95.25027272973306,267,368,1017.8223021580659,1017.8223021580659,0.0,11.821114368999359,5.952649660847455,14.104739588693906,625,1.4918381061586843,11.064887008440817,0.7549522193295646,-8.409605614192676,8.443424627467909,0,0,3,0,0,12,12,1,1
71,1954,3,1,21,19782.875,68.38117137642955,-84.31910918203404,264,350,1018.7179547547648,1018.7179547547648,0.0,8.782689835739374,3.3037963745595333,14.104739588693906,625,0.8956525966989284,6.674798855000148,149.07866832848597,-26.046735842534602,151.33698093541284,0,0,0,0,0,12,12,1,1
71,1954,3,2,0,19783.0,68.58417110012105,-83.6598082540901,265,349,1019.1423726186935,1019.1423726186935,0.0,9.757431427512218,3.3679147751008713,14.104739588693906,625,0.4244178639286838,3.158534288007335,8.92272670429281,7.524179794914214,11.671689398955719,0,0,0,0,0,10,10,1,1
71,1954,3,2,3,19783.125,68.58417110012105,-83.6598082540901,265,349,1018.2355399460989,1020.2355399460989,2.0,11.695520869171386,4.403145812675575,218.50968611841583,150000,-0.9068326725946099,-6.748684099585155,0.0,0.0,0.0,0,0,0,0,0,11,11,1,1
71,1954,3,2,6,19783.25,68.75514666577145,-82.38528805796898,266,347,1018.4355852782611,1020.4355852782611,2.0,11.769405994934996,3.6261211936326436,244.30125595145995,187500,0.20004533216226264,1.487011382561979,17.117333105958032,6.337205160169143,18.252760391305234,0,0,0,0,0,9,9,1,1
71,1954,3,2,9,19783.375,69.43260690357653,-82.13597520450045,269,347,1018.877660692301,1022.877660692301,4.0,11.63285898341963,3.376981090601039,373.442791983288,438125,0.44207541403986395,3.2713023799371657,3.246364025068507,25.110047149113612,25.319031324558363,0,0,0,0,0,9,9,1,1
71,1954,3,2,12,19783.5,69.62543397530646,-81.42228347498347,270,346,1018.7684371955502,1022.7684371955502,4.0,12.117569703863621,3.926122098654669,402.4178855319474,508750,-0.10922349675078294,-0.8072253188419871,9.209705288939341,7.1471306986985415,11.657621915871022,0,0,0,0,0,8,8,1,1
71,1954,3,2,15,19783.625,69.59024524453164,-80.79740302797835,270,345,1019.8728989630239,1023.70171605084,3.8288170878161325,10.853220257919585,3.8210895219686063,465.67006556435143,681250,1.1044617674736947,8.164480172807801,8.077000063108697,-1.3042694457403776,8.181628738005031,0,0,0,0,0,9,7,2,0
71,1954,3,2,18,19783.75,69.74905403743116,-68.1394617632117,276,326,1018.397091802973,1022.397091802973,4.0,9.49785399620032,9.489433030824948,381.6107610236958,457500,-1.304624247867032,-9.634236256359573,12.351663245794867,-14.004624465968732,18.673325664442576,0,0,0,0,2,6,6,1,1
71,1954,3,2,21,19783.875,69.7845066056528,-66.71764378651028,277,324,1018.032237429029,1022.032237429029,4.0,9.369707821716919,4.880796967023998,390.6274461547149,479375,-0.36485437394396286,-2.6937194013664465,18.210055645413135,1.314048574255651,18.257405354117164,0,0,0,0,0,6,6,1,1
71,1954,3,3,0,19784.0,70.42529767861383,-64.46586700835242,281,322,1015.5119673271473,1019.5119673271473,4.0,12.295959896560118,4.747103690977237,378.7326134115871,450625,-2.520270101881761,-18.531991139112982,27.961160194112058,23.750905450796612,36.686945759131774,0,0,0,0,0,5,5,1,1
71,1954,3,3,3,19784.125,70.7334308789937,-63.28535182731951,283,321,1014.5309498114419,1018.5250848628525,3.994135051410558,12.561156586234633,4.182465887405269,401.42792613437354,506250,-0.9810175157053164,-7.199930634913802,14.437584723200162,11.420949537663834,18.408746317483068,0,0,0,1,0,4,3,2,0
71,1954,3,3,6,19784.25,70.35484789360179,-53.85200409938944,289,308,1011.7549149739754,1019.7549149739754,8.0,10.65795937952571,7.748410382054862,504.23211082724873,798750,-2.776034837466577,-20.42161863139684,117.43134445021398,-14.032169096510593,118.26674270029538,0,0,1,0,0,3,3,1,1
71,1954,3,3,9,19784.375,71.0382794427562,-53.19806884601629,292,309,1010.8004700902934,1016.8004700902934,6.0,12.059678275713225,8.284121819692809,361.25759969217836,410000,-0.9544448836820084,-6.992003036232705,7.87580031421883,25.331373658267577,26.52747108195996,0,0,0,0,0,5,5,1,1
71,1954,3,3,12,19784.5,74.01866135650818,-55.30484646876604,301,319,1010.4645688941237,1016.4645688941237,6.0,17.131026099246633,12.121793940562565,333.18249174678584,348750,-0.33590119616972514,-2.4207503129871677,-21.49830784603541,110.46778275747337,112.54025176618026,0,0,0,0,0,5,5,1,1
71,1954,3,3,15,19784.625,75.20951100538994,-57.395406833758464,304,324,1011.2379614496236,1015.2379614496236,4.0,16.3877996680812,10.402544743589461,215.29950574842135,145625,0.7733925555000315,5.541845536825446,-19.780153351450927,44.138813117368876,48.36826738696488,0,0,0,0,0,8,8,1,1
71,1954,3,3,18,19784.75,76.49856492652563,-64.92558065818433,305,334,1011.4045922156643,1015.4045922156643,4.0,15.990360528449623,11.928857902069213,190.28334018879895,113750,0.16663076604061644,1.187262922963243,-65.11839459477656,47.778752067188314,80.76641915857653,0,0,0,0,0,8,8,1,1
71,1954,3,3,21,19784.875,76.3865833765147,-66.18134950026624,304,335,1012.477359452233,1018.477359452233,6.0,13.548828726772163,12.31909385915358,257.77352218733853,208750,1.0727672365687613,7.647190269708264,-10.955085552142757,-4.15059341300363,11.715004273786507,0,0,0,0,0,9,9,1,1
71,1954,3,4,0,19785.0,76.3865833765147,-66.18134950026624,304,335,,,,13.548828726772163,,0.0,0,0.0,,0.0,0.0,0.0,0,3,0,0,0,9,9,0,0
75,1954,3,2,21,19783.875,36.58807084131675,-88.87669728592458,130,355,1007.0361087770216,1011.0361087770216,4.0,12.767602031444332,7.961286394965282,335.26583267409023,353125,,,,,,3,0,0,0,0,8,8,1,1
75,1954,3,3,0,19784.0,39.30418782921168,-87.51044707800085,141,350,1006.585931819184,1012.585931819184,6.0,14.778847749863997,3.2945821354188958,426.6538012972055,571875,-0.4501769578375388,-4.923797199049197,39.18457487580256,100.67280974233854,108.02983629356508,0,0,0,0,0,7,7,1,1
75,1954,3,3,3,19784.125,39.76360371260633,-86.69559810408407,143,347,1004.0829807399859,1014.0829807399859,10.0,18.087855856483593,5.905994777936648,501.0657868259067,788750,-2.502951079198101,-27.111272753795966,23.216169639796277,17.028238484471455,28.79151678234117,0,0,0,0,0,6,6,1,1
75,1954,3,3,6,19784.25,40.22836477422954,-86.13274221732664,145,345,1000.6649092979565,1012.6649092979565,12.0,21.503297870367113,9.645942740685495,452.89174524347436,644375,-3.418071442029468,-36.667363564594694,15.927800840896335,17.22635738481329,23.461505245328343,0,0,0,0,0,5,5,1,1
75,1954,3,3,9,19784.375,40.64632974537917,-85.02444185090116,147,341,997.3238995959804,1013.3238995959804,16.0,24.24845062023641,19.501132892692766,536.9072458769722,905625,-3.3410097019761453,-35.535189111241095,31.16836863476223,15.491861435659297,34.80610541405197,0,0,0,0,0,7,7,1,1
75,1954,3,3,12,19784.5,41.26233707898895,-83.59978126765711,150,336,997.0435339524946,1009.0435339524946,12.0,24.311316958498637,18.809451538347712,399.19154145693045,500625,-0.2803656434857112,-2.9452729548711365,39.69296578308094,22.832296757750125,45.7913235000999,0,0,0,0,0,7,7,1,1
75,1954,3,3,15,19784.625,42.26149283462658,-81.51719210414106,155,329,997.4282685606923,1009.4282685606923,12.0,22.890051772591256,12.055426614915122,485.7439687054641,741250,0.3847346081977594,3.9635078395550276,57.12642942057519,37.03368365153813,68.08026632693326,0,0,0,0,0,9,9,1,1
75,1954,3,3,18,19784.75,43.317639492157795,-80.18874313200395,160,325,995.667506168866,1009.667506168866,14.0,22.609768347491745,19.906756709771145,611.5669352294595,1175000,-1.760762391826429,-17.781583303938667,35.82397516720199,39.146050036693126,53.06383354277739,0,0,0,0,0,7,7,1,1
75,1954,3,3,21,19784.875,45.344900147550035,-78.86369056881827,169,322,995.7136108911869,1007.7136108911869,12.0,20.525794988959134,11.64031093115569,585.8138322384505,1078125,0.04610472232103348,0.4490372854315977,34.518095875189196,75.14036662191344,82.68962231697711,0,0,0,0,0,8,8,1,1
75,1954,3,4,0,19785.0,45.724371241740684,-78.16496815899185,171,320,995.7177895160547,1007.7177895160547,12.0,19.832091059179813,11.791147296046256,611.2415471057446,1173750,0.004178624867781764,0.04043404598777898,18.079706051259333,14.0650868274196,22.90638422717116,0,0,0,0,0,7,7,1,2
75,1954,3,4,3,19785.125,46.2792995160555,-77.09564824488733,174,317,993.1722640997519,1006.9091317274759,13.736867627723987,21.621642913376963,6.787295993772205,621.8894690484038,1215000,-2.545525416302844,-24.402228654078982,27.392795242780906,20.568402918476178,34.255283239665374,0,0,0,0,0,7,6,2,0
75,1954,3,4,6,19785.25,46.774269254133614,-73.49023488540115,179,306,990.0746630242943,1006.0746630242943,16.0,23.15981973479304,4.773975198109547,653.7056082073482,1342500,-3.097601075457642,-29.452387122163696,91.51486993037902,18.346041238957405,93.33567724892617,0,0,1,0,0,5,5,1,1
75,1954,3,4,9,19785.375,48.135259931691785,-73.9468648888816,184,309,987.5090939885096,1011.5090939885096,24.0,24.98257627071905,3.6389719293775125,1019.841925548041,3267500,-2.5655690357847196,-23.86766384828385,-11.295281368465941,50.44508618500275,51.69419794720844,0,0,0,0,0,6,6,1,1
75,1954,3,4,12,19785.5,49.12537142045002,-73.90028725152267,188,310,985.6836652575207,1011.6836652575207,26.0,26.226148099549636,3.368868937720108,1054.6535490546096,3494375,-1.8254287309887878,-16.72558737137635,1.1297659196654641,36.69845812080237,36.71584398427364,0,0,0,0,0,9,9,1,1
75,1954,3,4,15,19785.625,50.044977843494884,-73.53641023447905,192,310,983.6640323292534,1011.6640323292534,28.0,27.537383593126123,4.874750306613059,1097.3632434928068,3783125,-2.019632928267383,-18.253798491131814,8.661214367577214,34.08518958411299,35.16840603874521,0,0,0,0,0,8,8,1,1
75,1954,3,4,18,19785.75,51.84768813548218,-73.84266013541207,199,313,983.0582605924507,1011.0582605924507,28.0,28.148487111529768,9.077119782381706,1133.0417290263413,4033125,-0.6057717368027079,-5.337058379019258,-7.012211265738912,66.81741289297288,67.18435660587497,0,0,0,0,0,6,6,1,1
75,1954,3,4,21,19785.875,53.4112841188392,-74.27525427725257,205,316,982.1997958171156,1012.1997958171156,30.0,29.7159791712262,6.9338686782585865,1230.2696894599676,4755000,-0.8584647753350145,-7.407348409448734,-9.557374088769114,57.95464689037002,58.73741989277492,0,0,0,0,0,7,7,1,1
75,1954,3,5,0,19786.0,54.22978100988721,-76.18497465873838,207,322,981.2373311215671,1009.2373311215671,28.0,31.570114753117032,9.657549132592612,1103.4198270164443,3825000,-0.9624646955485514,-8.218407691312184,-41.37438461038399,30.337567252960998,51.30504545087073,0,0,0,0,0,7,7,1,1
75,1954,3,5,3,19786.125,54.569283379064096,-76.81219007869443,208,324,980.0301725650868,1008.0301725650868,28.0,32.375375700243595,10.20659612634612,1105.0413118397732,3836250,-1.207158556480281,-10.264192517067034,-13.477081457475693,12.583647012092376,18.438543780254896,0,0,0,0,0,6,6,1,1
75,1954,3,5,6,19786.25,54.67395967833353,-77.53127173004489,208,326,979.9871150015958,1007.9871150015958,28.0,31.438798050081243,10.8998058349434,1166.5225087565627,4275000,-0.04305756349102012,-0.36563394628918977,-15.411308503048366,3.8798244728965265,15.892182597636413,0,0,0,0,0,4,4,1,1
75,1954,3,5,9,19786.375,54.493597145148044,-77.96940390346214,207,327,980.6610030111075,1000.6610030111075,20.0,29.634396324345865,14.721285096053032,782.2728144249535,1922500,0.6738880095117201,5.735310525228971,-9.431705500066213,-6.685132882329166,11.560625860842393,0,0,0,0,0,7,7,1,1
75,1954,3,5,12,19786.5,54.26285446459657,-78.04551719750692,206,327,984.5516052028546,1002.5516052028546,18.0,25.154499475422067,16.83235351642281,869.2457030832957,2373750,3.890602191747021,33.20773108372525,-1.6477347818140717,-8.55247181256325,8.709753384332346,0,0,0,0,0,9,9,1,2
75,1954,3,5,15,19786.625,54.26285446459657,-78.04551719750692,206,327,984.2883548876484,1002.2883548876484,18.0,23.630918811819495,15.100385489147957,907.6484860227682,2588125,-0.26325031520609626,-2.246938968372015,0.0,0.0,0.0,0,0,0,0,0,8,8,1,2
75,1954,3,5,18,19786.75,54.26285446459657,-78.04551719750692,206,327,986.3530372020969,1000.3530372020969,14.0,20.184701468935085,14.47976882437477,834.8051910857027,2189375,2.064682314448437,17.62282847035042,0.0,0.0,0.0,0,0,0,0,0,8,8,1,2
75,1954,3,5,21,19786.875,54.493597145148044,-77.96940390346214,207,327,987.6731970663456,999.539747009571,11.866549943225401,17.27735398235468,14.34005634288158,817.8316748229369,2101250,1.3201598642487078,11.235586117486458,1.63849938834394,8.55247181256325,8.70801092961489,0,0,0,0,0,9,8,2,0
75,1954,3,6,0,19787.0,54.44372021579911,-77.610500962699,207,326,991.7360386739784,996.0275867147607,4.291548040782218,12.133127495396472,13.780120414744452,614.9731160970505,1188125,4.062841607632873,34.59944076439599,7.735559705907985,-1.8486871667365936,7.95339727438054,0,0,0,0,0,10,9,2,0
75,1954,3,6,3,19787.125,54.72411687761158,-77.89232974323966,208,327,991.7446529846247,991.7446529846247,0.0,10.540627925942767,8.234405062097066,14.104739588693906,625,0.00861431064622593,0.07310522071993253,-6.032694301496085,10.392895413872136,12.016891262676374,0,0,0,2,0,12,12,1,1
75,1954,3,6,6,19787.25,54.72411687761158,-77.89232974323966,208,327,992.5073455365875,992.5073455365875,0.0,8.493380569287385,8.452985434343281,14.104739588693906,625,0.7626925519628276,6.472579135176542,0.0,0.0,0.0,0,0,0,0,0,8,8,1,1
75,1954,3,6,9,19787.375,54.72411687761158,-77.89232974323966,208,327,,,,8.493380569287385,,0.0,0,0.0,,0.0,0.0,0.0,0,3,0,0,0,8,8,0,0
81,1954,3,3,9,19784.375,35.76739500225834,6.041212687948978,384,128,1000.9383934654091,1000.9383934654091,0.0,7.886902623216745,9.616296334985309,14.104739588693906,625,,,,,,3,0,0,0,0,0,0,1,1
81,1954,3,3,12,19784.5,35.73478551530306,8.269253943379322,393,129,996.3678977117978,998.3678977117978,2.0,11.139135121229572,12.971263132824095,162.6637921881437,83125,-4.570495753611322,-54.21827495672861,67.03301063557099,-1.208669836636505,67.04390649151172,0,0,0,0,0,0,0,1,1
81,1954,3,3,15,19784.625,35.497131812341884,9.724128868732938,399,129,993.6360159017465,997.6360159017465,4.0,12.400081673704383,17.544860304327013,262.363322298001,216250,-2.7318818100512727,-32.59559921635085,43.902270617781525,-8.808628689191647,44.77724092416786,0,0,0,0,0,0,0,1,1
81,1954,3,3,18,19784.75,34.984025799062984,13.358741406804638,414,130,994.0843245002812,998.0843245002812,4.0,13.945231760100809,5.147978161676947,327.1569947736096,336250,0.4483085985346406,5.417256019805233,110.36901612041852,-19.01826183580986,111.9955981395904,0,0,0,0,0,0,0,1,1
81,1954,3,3,21,19784.875,35.72391860140325,14.543272528841253,418,134,993.0372315469934,997.0372315469934,4.0,15.477582578272575,8.625298296129332,210.62867892778948,139375,-1.0470929532877926,-12.424591782526921,35.64330141793761,27.4241086270209,44.97251015850233,0,0,0,0,0,0,0,1,1
81,1954,3,4,0,19785.0,36.43553440654917,15.757317324110705,422,138,989.3722232832841,997.3722232832841,8.0,18.144338885271694,13.20587193894673,274.22747967867946,236250,-3.6650082637093147,-42.753248326415694,36.20223940823436,26.37602241743649,44.791703436420335,0,0,0,0,0,0,0,1,1
81,1954,3,4,3,19785.125,36.87749737152465,16.927513064147043,426,141,987.4064082529503,995.4064082529503,8.0,19.01658545895887,14.575443081846826,241.0218957450584,182500,-1.9658150303337607,-22.69526319838968,34.69495189436321,16.381346490019936,38.36780160210206,0,0,0,0,0,0,0,1,1
81,1954,3,4,6,19785.25,36.81578042523325,17.95947609047414,430,142,987.8985044105069,995.8985044105069,8.0,18.618874592643675,12.51003026740691,248.33956681952523,193750,0.49209615755651614,5.689404553860891,30.621261824738365,-2.2875371051993154,30.706587269620876,0,0,0,0,0,0,0,1,1
81,1954,3,4,9,19785.375,36.80696771213087,19.544272031876798,436,144,989.8116934247873,997.8116934247873,8.0,16.833587851617718,10.530969567139909,267.99005218518425,225625,1.913189014280506,22.12401661497937,47.030481707751186,-0.32664299565283095,47.031616018479816,0,0,0,0,0,0,0,1,1
81,1954,3,4,12,19785.5,36.6979927026312,20.570680156560996,440,145,991.2120528297601,997.2120528297601,6.0,14.050400431517556,12.85702734736551,221.67338288487116,154375,1.4003594049726962,16.234977122959332,30.503236720455423,-4.039156062468745,30.76950165539114,0,0,0,0,0,0,0,1,1
81,1954,3,4,15,19785.625,36.8973453703633,21.451907236285802,443,147,992.951113443395,998.951113443395,6.0,11.435975458036863,8.869773777596201,254.27680907051368,203125,1.7390606136349378,20.06812630571334,26.120644037295634,7.389001754955807,27.14563301634073,0,0,0,0,0,0,0,1,1
81,1954,3,4,18,19785.75,36.52109401065682,22.380135051959574,447,147,995.8006648170863,999.8006648170863,4.0,9.584207531036597,8.919396038062768,201.94913757502948,128125,2.849551373691211,33.17366975746895,27.648844069790407,-13.945747447492465,30.966795931526832,0,0,0,0,0,0,0,1,1
81,1954,3,4,21,19785.875,36.46075387363144,23.165887446701248,450,148,997.7553812641127,999.7553812641127,2.0,8.287511657370013,6.932911825220945,131.56025258885612,54375,1.9547164470264398,22.78867624202514,23.423237305132105,-2.236505703419932,23.52976845644602,0,0,0,0,0,0,0,1,1
81,1954,3,5,0,19786.0,36.46075387363144,23.165887446701248,450,148,,,,8.287511657370013,,0.0,0,0.0,,0.0,0.0,0.0,0,3,0,0,0,0,0,0,0
84,1954,3,1,12,19782.5,32.33508875044034,132.86063520789648,540,527,1006.7198030822868,1010.7198030822868,4.0,9.230856498092404,15.801235502595446,245.1142407474329,188750,,,,,,3,0,0,0,0,18,18,1,1
84,1954,3,1,15,19782.625,32.74032961945288,134.50322823307533,534,531,1005.9212558492368,1011.9212558492368,6.0,9.53798894374881,10.856847099970254,405.86372848545074,517500,-0.7985472330500488,-10.229594903009163,51.20974615926527,15.020242901075447,53.367085347653116,0,0,0,0,0,21,21,1,1
84,1954,3,1,18,19782.75,33.260258576827184,136.66995784987418,526,536,1004.5594514691167,1010.5594514691167,6.0,9.513806525721462,10.269281272558219,417.4621691670102,547500,-1.3618043801201565,-17.202987895306695,67.15286862343787,19.271154091872642,69.86333190157342,0,0,0,0,0,21,21,1,1
84,1954,3,1,21,19782.875,33.73335030703864,138.19849627965772,520,539,1004.081217894664,1012.081217894664,8.0,10.219182667938473,9.793308595243943,630.6254150055114,1249375,-0.4782335744526063,-5.966376390431508,47.1158238048239,17.53513341233671,50.27307188342142,0,0,0,0,0,19,19,1,1
84,1954,3,2,0,19783.0,34.4890449526267,140.11731484997264,512,542,1003.6120099864648,1011.6120099864648,8.0,11.207786436569357,13.765811266118181,575.5355986470404,1040625,-0.46920790819916874,-5.740883853973264,58.61947123653904,28.009803560616735,64.96761888476263,0,0,0,0,0,16,16,1,1
84,1954,3,2,3,19783.125,35.05836401027788,141.54909157419533,506,544,1001.3114219114643,1009.3114219114643,8.0,11.872052284334504,14.19731802960785,562.6005626321456,994375,-2.30058807500056,-27.748343707152525,43.43998883659279,21.10179695095743,48.29408312291209,0,0,0,0,0,20,20,1,1
84,1954,3,2,6,19783.25,35.74021951852483,143.2039053784038,499,546,999.3200570715023,1003.3200570715023,4.0,12.539635493574599,16.64614156558666,167.48450292473797,88125,-1.9913648399618977,-23.619787127919142,49.78393008195998,25.27295774056921,55.83155100265509,0,0,0,3,0,21,21,1,1
84,1954,3,2,9,19783.375,36.514509204514745,145.099881703667,491,548,999.3115523789011,1003.3115523789011,4.0,12.770913021087756,17.1673511145464,163.88226458881186,84375,-0.008504692601272837,-0.09902459046836846,56.478991550593676,28.699028278428887,63.3522747081594,0,0,0,0,0,24,24,1,1
84,1954,3,2,12,19783.5,37.15583344466784,146.48472076497438,485,549,999.4407592829538,1013.4407592829538,14.0,13.190368943255546,16.279879670122753,1114.7206906620029,3903750,0.12920690405269852,1.4821093166405495,40.908651627148075,23.770667279733676,47.313448414538186,0,0,2,0,0,18,18,1,2
84,1954,3,2,15,19783.625,37.76127135445266,147.90009166989918,479,550,997.687535780095,1013.687535780095,16.0,14.3739473546408,16.100946889726547,1162.422241205919,4245000,-1.7532235028587457,-19.835447377721117,41.473404559307035,22.440541322119405,47.15528793857268,0,0,0,0,0,21,21,1,3
84,1954,3,2,18,19783.75,38.583338770165376,149.79009180099726,471,551,996.021757939342,1012.021757939342,16.0,14.996106112168794,14.44525096684323,1094.8222071006949,3765625,-1.6657778407529986,-18.50525884890249,54.75944506626155,30.46990866235259,62.66587714104883,0,0,0,0,0,18,18,1,3
84,1954,3,2,21,19783.875,39.690261966356495,152.43193260234696,460,552,994.6894713640306,1012.6894713640306,18.0,16.50124723089675,14.830663315473359,1134.2701491351647,4041875,-1.3322865753114457,-14.453205135985382,75.34733031753703,41.028081200544,85.79349411801846,0,0,0,0,0,19,19,1,3
84,1954,3,3,0,19784.0,41.13353363516012,154.34432927212114,451,550,992.0215677372012,1014.0215677372012,22.0,18.425667892429498,16.664510730801048,1202.7960894122198,4545000,-2.667903626829502,-28.09869882249728,53.38643222118268,53.49482911359625,75.5765035391278,0,0,0,0,0,17,17,1,3
84,1954,3,3,3,19784.125,42.507145010125036,156.36265012809605,442,548,988.6669135147304,1012.6669135147304,24.0,20.21778235897842,20.068998297425352,1193.0808951106958,4471875,-3.354654222470708,-34.39742552800292,55.14738512936178,50.91287202578516,75.05567683073767,0,0,0,0,0,14,14,1,2
84,1954,3,3,6,19784.25,44.21259156184979,158.92110524792633,431,545,986.1886764131976,1010.9126322081851,24.723955794987415,22.516350899031035,19.842053179899814,1139.6943797829008,4080625,-2.4782371015327227,-24.622361835818506,67.96669411765915,63.21233473841638,92.81848292428101,0,0,0,0,0,13,12,2,0
84,1954,3,3,9,19784.375,46.264022348334066,161.46987555114205,420,540,984.3989470380476,1012.4903389850953,28.09139194704767,25.394314417299103,20.43917267851408,1184.5462283228637,4408125,-1.7897293751500547,-17.16130027568991,65.30779902922525,76.03623193983626,100.23281489437603,0,0,0,0,0,14,12,2,0
84,1954,3,3,12,19784.5,52.75884745131161,163.4520203062155,406,516,979.9628198679201,1015.9628198679201,36.0,29.06916866150606,5.823774649011393,1356.7703787069624,5783125,-6.6496665740024765,-57.870247609249276,-0.5769769439549731,64.13716064874599,64.13975583424767,0,0,0,1,2,13,13,1,3
84,1954,3,3,15,19784.625,53.80069950336642,163.73258192404228,404,512,973.1974687943829,1013.1974687943829,40.0,34.032902825614485,8.664188015519684,1262.196886523601,5005000,-6.765351073537167,-58.083783858032355,6.141607504971007,38.616220834239165,39.10155820761934,0,0,0,0,0,16,16,1,2
84,1954,3,3,18,19784.75,54.838339980319425,164.02912798714422,402,508,966.5656319638365,1010.5656319638365,44.0,38.88249534136082,12.173394385986393,1193.0808951106958,4471875,-6.631836830546381,-56.20183799223054,6.3298237213180535,38.46011890607157,38.97752448029665,0,0,0,0,0,16,16,1,2
84,1954,3,3,21,19784.875,55.6455247487804,164.4454287299256,400,505,961.0629709719179,1011.0629709719179,50.0,43.98513992859362,15.593337285845847,1233.338302575895,4778750,-5.502660991918528,-46.17890282399113,8.707408957175186,29.918283705874497,31.159632068634732,0,0,0,0,0,18,18,1,2
84,1954,3,4,0,19785.0,57.02190313735268,165.43724372170573,396,500,961.6020712778155,1011.6020712778155,50.0,42.43001954049001,15.515766735499712,1301.386775012191,5320625,0.5391003058975912,4.452367697581265,20.009838129046837,51.015431317483475,54.79934173381584,0,0,0,0,0,16,16,1,2
84,1954,3,4,3,19785.125,57.64643078391145,166.40260923973355,393,498,960.496355581437,1010.496355581437,50.0,42.06374094291669,17.407964174297668,1301.0809980401573,5318125,-1.105715696378611,-9.06838171306526,19.147902043684297,23.148101948866927,30.041251247404226,0,0,0,1,0,18,18,1,3
84,1954,3,4,6,19785.25,59.11282769428189,170.91803042717123,381,494,960.649205442355,1010.649205442355,50.0,42.92565575807966,10.79463586350459,1338.3904081019418,5627500,0.15284986091806785,1.2339778071881893,85.89977520022578,54.351965626816316,101.65091021209768,0,0,1,0,0,14,14,1,2
84,1954,3,4,9,19785.375,59.075242859523264,170.50314146130899,382,494,960.4196469285636,1012.4196469285636,52.0,42.31980950047569,20.070292141734534,1396.4404535222575,6126250,-0.22955851379141679,-1.8539851357070878,-7.902848137173394,-1.393080981310974,8.024692099994574,0,0,0,0,0,12,12,1,1
84,1954,3,4,12,19785.5,59.44604835476086,172.1103821917202,378,493,960.1282608515478,1012.1282608515478,52.0,42.24207443941571,23.6660196964498,1399.642242068439,6154375,-0.2913860770157771,-2.344283732691751,30.28283071924697,13.74389661411462,33.25574432350056,0,0,0,0,0,14,14,1,1
84,1954,3,4,15,19785.625,60.069687489624805,174.56994892698805,372,491,962.3757855878476,1012.3757855878476,50.0,40.00560980030117,21.185313173538454,1416.5962334800752,6304375,2.2475247362998196,17.967594027086097,45.483208446559146,23.11516928462396,51.01993043556579,0,0,0,0,0,14,14,1,1
84,1954,3,4,18,19785.75,61.069453725111146,176.18592516570965,368,487,962.2426513332216,1012.2426513332216,50.0,40.027176374248164,23.71891239999888,1411.17901962768,6256250,-0.13313425462605666,-1.0539008917065638,28.973955629717306,37.05631107220339,47.038923192529936,0,0,0,0,0,9,9,1,1
84,1954,3,4,21,19785.875,61.55916092322645,177.03513869083977,366,485,964.1636053193793,1002.1636053193793,38.0,39.48126651471092,27.59056931559244,969.4379500296252,2952500,1.9209539861576923,15.135469476969018,14.99041033810265,18.15098532391468,23.540829856520794,0,0,0,0,0,11,11,1,1
84,1954,3,5,0,19786.0,61.8106281551097,177.9299693469589,364,484,973.0372869814854,1003.0372869814854,30.0,30.769162552228178,22.496426593255748,988.5400096021594,3070000,8.873681662106101,69.75186205276843,15.667486764935767,9.3206268009226,18.230310625206418,0,0,0,0,0,11,11,1,1
84,1954,3,5,3,19786.125,61.82362668943269,178.84963693867033,362,484,975.8853840667788,1005.8853840667788,30.0,29.048585969894944,21.093279690791167,1048.1254670562143,3451250,2.8480970852934115,22.38483814821649,16.095530175314696,0.4817903568439715,16.102739318898937,0,0,0,0,0,11,11,1,1
84,1954,3,5,6,19786.25,61.829199165269685,179.76989770490277,360,484,980.8277057964,1006.8277057964,26.0,25.681526260845978,17.42797171347236,1034.4651026565039,3361875,4.942321729621181,38.842534428272195,16.102987061255824,0.20654368064104528,16.104311614812513,0,0,0,0,0,10,10,1,1
84,1954,3,5,9,19786.375,61.82734156156318,-179.30972280213493,358,484,986.2115960921537,1010.2115960921537,24.0,22.453123812288126,14.482524889706983,1118.3733316846537,3929375,5.383890295753808,42.31363047143971,-16.10603953022809,-0.06885203595985087,16.10618669804016,0,0,0,0,0,13,13,1,2
84,1954,3,5,12,19786.5,61.586796728717026,-178.4025238027544,356,485,991.5275904226941,1010.2995856751797,18.77199525248565,19.19234665909802,10.581363624957303,1097.63514849227,3785000,5.315994330540271,41.87454034131706,15.999697226901658,-8.91578834768528,18.316156616857295,0,0,0,0,0,15,16,2,0
84,1954,3,5,15,19786.625,62.61956050292643,-170.7321637371789,340,479,995.2398242822574,1010.46039002876,15.22056574650269,15.631606356573988,2.196403355727016,1058.701415284155,3521250,3.7122338595632756,28.96386122001634,130.67240474628957,38.27936403812425,136.16382439305002,0,0,0,0,0,13,14,2,0
84,1954,3,5,18,19786.75,62.68254699150298,-168.7830800733526,336,478,997.993537843176,1012.0272533272339,14.033715484057902,13.820659296041837,2.878560940541356,1082.3951796064202,3680625,2.7537135609186953,21.47301152219342,33.152391235048725,2.334592658956053,33.23449063074364,0,0,0,0,0,13,14,2,0
84,1954,3,5,21,19786.875,63.088476559802594,-168.1237355962404,335,476,1001.0134835009995,1003.0134835009995,2.0,12.662890339771112,3.0661078197079767,191.3259964331453,115000,3.019945657823555,23.463770716842422,11.06119952251866,15.045769523310433,18.674188481043668,0,0,0,2,0,13,13,1,1
84,1954,3,6,0,19787.0,63.901804751194874,-169.2737055338748,338,473,1005.2204121723215,1005.2204121723215,0.0,8.998497527730436,3.256298154854594,14.104739588693906,625,4.206928671321948,32.4555813825747,-18.75033503615212,30.145989526605664,35.50148938433671,0,0,0,0,0,14,14,1,1
84,1954,3,6,3,19787.125,63.901804751194874,-169.2737055338748,338,473,,,,8.998497527730436,,0.0,0,0.0,,0.0,0.0,0.0,0,3,0,0,0,14,14,0,0
86,1954,3,3,18,19784.75,59.02576155507245,-67.84804287161634,233,308,1003.5343687500045,1005.5343687500045,2.0,14.56379852798118,7.613301841729335,153.21669003752353,73750,0.5170479875060846,4.178001636389503,13.301794816333448,12.828183392685064,18.479719545820934,2,0,0,2,0,6,6,1,1
86,1954,3,3,21,19784.875,59.2755981928567,-66.74589033753345,235,306,1004.5759337773729,1008.5759337773729,4.0,12.868325173323461,8.73518083814699,325.3275843762874,332500,1.0415650273684878,8.39446535155226,20.871040017913444,9.260188870514257,22.833120884954393,0,0,0,0,0,7,7,1,1
86,1954,3,4,0,19785.0,60.451686534689046,-61.37201332953008,245,297,1005.8976912125075,1009.8976912125075,4.0,12.132721783069055,3.7755013760105065,318.5298670785572,318750,1.3217574351344956,10.526475894860976,98.20111031323039,43.591685632522804,107.44158004718629,0,0,0,0,0,5,5,1,1
86,1954,3,4,3,19785.125,61.23123970851237,-59.50016676655257,250,295,1005.5842761474896,1009.5842761474896,4.0,11.879608921641498,4.481971597391239,303.49781434869413,289375,-0.31341506501790717,-2.477161208187009,33.38974913321452,28.894119326272392,44.155922352724865,0,0,0,0,0,5,5,1,1
86,1954,3,4,6,19785.25,61.509478011627,-58.64595127922074,252,294,1005.2296591173548,1011.2296591173548,6.0,11.609006508431113,7.442341337480102,368.8868069524451,427500,-0.35461703013483203,-2.7953919010004116,15.102839630588251,10.312895901512759,18.288017573884428,0,0,0,0,0,4,4,1,1
86,1954,3,4,9,19785.375,62.79549271118361,-54.1301764822787,262,289,1004.2172932934395,1010.2172932934395,6.0,12.103170636642567,4.783226593005748,328.97623212397707,340000,-1.01236582391517,-7.8862498845401525,76.50376122160293,47.66610339367397,90.13813229587383,0,0,0,0,0,5,5,1,1
86,1954,3,4,12,19785.5,63.537477937640254,-52.98331587893332,266,289,1001.7637102945548,1011.7637102945548,10.0,13.456007749639822,9.532645765884444,425.72020323904735,569375,-2.4535829988848126,-18.98841299420205,18.94199597203957,27.501664275730413,33.39372320271805,0,0,0,0,0,8,8,1,1
86,1954,3,4,15,19785.625,64.0436507774245,-52.781046222983534,268,290,1000.194232170704,1008.194232170704,8.0,13.593659690014835,15.087276250484644,278.1889485195882,243125,-1.569478123850713,-12.093568801524366,3.281385073054876,18.76128392975935,19.046082607473743,0,0,0,0,0,7,7,1,1
86,1954,3,4,18,19785.75,64.0436507774245,-52.781046222983534,268,290,,,,13.593659690014835,,0.0,0,0.0,,0.0,0.0,0.0,0,3,0,0,0,7,7,0,0
87,1954,3,3,15,19784.625,27.466447773365932,125.9399232553357,574,515,1010.092426869918,1010.092426869918,0.0,7.607241190769184,4.972663464125289,14.104739588693906,625,,,,,,3,0,0,0,0,17,17,1,1
87,1954,3,3,18,19784.75,27.685768616060866,127.15192684612435,570,519,1007.5530914010301,1009.5530914010301,2.0,9.460353892260596,7.4060841036949565,198.97183743964612,124375,-2.5393354688878755,-37.86524940077458,39.77946009978203,8.129121671695392,40.60157712433568,0,0,0,0,0,17,17,1,1
87,1954,3,3,21,19784.875,28.285126211035994,128.64272033944223,564,523,1005.4124607101501,1009.4124607101501,4.0,11.54981103133309,11.50289723248352,287.33539066554385,259375,-2.1406306908800614,-31.297717111408396,48.658344822267466,22.215174602372798,53.48970464918079,0,0,0,0,0,19,19,1,1
87,1954,3,4,0,19785.0,28.74764965251963,131.25846454756922,555,531,1003.372756999279,1011.372756999279,8.0,14.272484840632247,16.521541206603434,472.66663872675434,701875,-2.0397037108711085,-29.382263123763323,85.00105156925932,17.143420049053958,86.7126035755944,0,0,0,0,0,18,18,1,1
87,1954,3,4,3,19785.125,29.416832098716583,133.26906092545082,547,536,1002.5794207947116,1010.5794207947116,8.0,14.84829563300445,21.343438036521476,438.15596550155374,603125,-0.7933362045673129,-11.190646848806562,64.91365665288997,24.803231005565415,69.49088493007358,0,0,0,0,0,20,20,1,1
87,1954,3,4,6,19785.25,30.178186036883723,135.79572355273928,537,542,999.4068569503657,1009.4068569503657,10.0,16.25522103719925,16.052980148519126,509.9209627740205,816875,-3.1725638443458593,-43.72501845290959,80.95620176281112,28.219565101680224,85.73360168795519,0,0,0,0,0,17,17,1,1
87,1954,3,4,9,19785.375,31.401515924155554,137.59519959915906,528,544,996.5516323659549,1010.5516323659549,14.0,19.910980345630083,20.35449213857908,623.3273656940545,1220625,-2.8552245844108985,-37.96612882518783,56.92818008290629,45.34269235909602,72.77896288024056,0,0,0,0,0,14,14,1,1
87,1954,3,4,12,19785.5,32.52230285152761,139.79104938034249,518,547,996.3282975202994,1012.3282975202994,16.0,21.45907057030592,33.59346877887081,654.0098696193114,1343750,-0.22333484565548134,-2.8780301409379474,68.62464461851577,41.54194005777222,80.21891692600397,0,0,0,0,0,16,16,1,1
87,1954,3,4,15,19785.625,33.74290182921783,141.91628947804256,508,549,992.2799828990527,1012.2799828990527,20.0,25.527988354844872,35.55957326396543,716.4319168430189,1612500,-4.048314621246682,-50.49361218611085,65.50076372071567,45.24147126222882,79.60616037699657,0,0,0,0,0,16,16,1,1
87,1954,3,4,18,19785.75,35.371530899784105,144.37706069430436,496,550,986.6078436184849,1010.6078436184849,24.0,30.800024882093346,41.10187837314632,673.9350256875631,1426875,-5.67213928056779,-67.88626272163992,74.37085033050091,60.365096677604406,95.7860547041076,0,0,0,0,0,11,11,1,1
87,1954,3,4,21,19785.875,37.01654014979139,146.275059818854,486,549,981.2900868652138,1011.2900868652138,30.0,36.617803526993,52.315758468431014,687.958583069885,1486875,-5.317756753271096,-61.195535162056125,56.17028677707112,60.972227628060075,82.90183145471747,0,0,0,0,0,13,13,1,1
87,1954,3,5,0,19786.0,38.37049708830498,148.41780880180852,476,549,983.9535255486367,1013.9535255486367,30.0,34.61317795301775,49.01953770109481,799.6280284430314,2008750,2.6634386834228643,29.726972546936,62.26566568771241,50.18438081930331,79.9717775327698,0,0,0,0,0,13,13,1,1
87,1954,3,5,3,19786.125,39.51295410607465,150.43452420116913,467,549,981.2260911321614,1013.2260911321614,32.0,36.46354381615466,50.9154308662338,811.9725067748147,2071250,-2.7274344164752984,-29.69923909604647,57.66660062707054,42.345141428486855,71.54402721737577,0,0,0,0,0,13,13,1,1
87,1954,3,5,6,19786.25,40.69396210875675,152.77364180563103,457,549,983.7459880979073,1011.7459880979073,28.0,33.777249672440085,27.57495903913223,751.4001334964605,1773750,2.5198969657460113,26.7758631165283,65.73376076148568,43.774032741624254,78.97526984007733,0,0,0,0,0,12,12,1,1
87,1954,3,5,9,19786.375,42.44743353082792,154.8654907174331,447,546,986.1158642083878,1012.1158642083878,26.0,32.17925621843305,23.028987890514838,701.8436783710572,1547500,2.3698761104803996,24.327537181039578,57.21088962320764,64.99237538351116,86.58576528200277,0,0,0,0,0,16,16,1,1
87,1954,3,5,12,19786.5,45.482825882696176,158.00623130515638,432,539,986.2848508102659,1012.2848508102659,26.0,31.98407244367317,21.45748821976078,675.2621061175284,1432500,0.1689866018781322,1.6419457399610942,81.6135681207157,112.50674330114848,138.99115723536235,0,0,0,0,0,18,18,1,1
87,1954,3,5,15,19786.625,46.774269254133614,159.63986746875483,425,536,985.0977001659724,1009.0977001659724,24.0,32.65598359339571,22.672586667951546,553.1504118177702,961250,-1.1871506442935789,-11.287580129373135,41.46886824483975,47.867316984196,63.33203824900457,0,0,0,0,0,16,16,1,1
87,1954,3,5,18,19786.75,48.62924649201904,161.7657360989894,416,531,984.9086745745833,1008.9086745745833,24.0,32.281837142336585,21.13472426304783,620.4482400680349,1209375,-0.18902559138907235,-1.7450999614401526,52.07638687031384,68.75468596466531,86.25054731169155,0,0,0,0,0,16,16,1,1
87,1954,3,5,21,19786.875,50.70252630876786,164.30640174877684,406,525,984.9949401716799,1006.9949401716799,22.0,32.33398295832936,17.50832864296317,522.4468656261615,857500,0.08626559709664434,0.7723093385837402,59.63915350820203,76.84606571234313,97.27356499399333,0,0,0,0,0,16,16,1,1
87,1954,3,6,0,19787.0,52.79516196819387,166.3471426432132,398,518,983.6218483458812,1007.6218483458812,24.0,33.19758984718721,26.504879700942034,565.7741415914787,1005625,-1.373091825798765,-11.943894136872787,45.73543745721353,77.56348954788757,90.04346256252008,0,0,0,0,0,17,17,1,1
87,1954,3,6,3,19787.125,54.58898461520107,168.6900675259798,390,512,980.4887802467259,1008.4887802467259,28.0,34.94050746772193,25.277765913653568,716.9870753275975,1615000,-3.1330680991552073,-26.63324594344259,50.31631888858736,66.48799254910459,83.38096365302934,0,0,0,0,0,20,20,1,1
87,1954,3,6,6,19787.25,56.074230333572075,171.32682595212023,382,507,980.3947365563354,1010.3947365563354,30.0,34.738198421447585,16.692373723413404,948.9041524529218,2828750,-0.09404369039053563,-0.7852303583395955,54.542367397322494,55.050596234469694,77.49476102986006,0,0,0,0,0,17,17,1,1
87,1954,3,6,9,19787.375,57.47297797044863,174.18990057228072,374,502,980.9114221165989,1010.9114221165989,30.0,33.51221482597492,12.060892620006125,985.112818667401,3048750,0.5166855602635769,4.245690248021446,57.05610574387199,51.844546958912844,77.0925174840647,0,0,0,0,0,13,13,1,1
87,1954,3,6,12,19787.5,58.51796673148067,176.48805734830106,368,498,981.2012822934345,1009.2012822934345,28.0,31.96574479055725,13.105542415994059,878.57923603719,2425000,0.2898601768355002,2.3548321673416677,44.48206955665777,38.73248287578172,58.9818594295404,0,0,0,0,0,17,17,1,1
87,1954,3,6,15,19787.625,59.2773156732613,179.7885774189607,360,495,982.1721174570246,1008.1721174570246,26.0,29.951712224757248,8.205462136828793,878.8056448119926,2426250,0.9708351635900908,7.824280524710352,62.4918568458971,28.145249959640267,68.53748804368837,0,0,0,0,0,12,12,1,1
87,1954,3,6,18,19787.75,59.94858351097935,-177.62304918559653,354,492,980.6954517720026,1006.6954517720026,26.0,30.345538357144566,8.539874365143696,842.6327728427837,2230625,-1.476665685022017,-11.819453976056948,-48.040477194940294,24.88052599130327,54.10109077201213,0,0,0,0,0,14,14,1,1
87,1954,3,6,21,19787.875,60.531832231405524,-174.48659997133245,347,489,978.9495702375218,1004.9495702375218,26.0,31.745259983855632,9.129328839338195,786.8371677974249,1945000,-1.7458815344807226,-13.89319690585206,57.18379185783734,21.618099561107154,61.133691855427855,0,0,0,0,0,15,15,1,1
87,1954,3,7,0,19788.0,61.31701169618998,-172.06173547645452,342,485,975.4256440431502,1001.4256440431502,26.0,33.5100928186562,9.36823201241641,694.5778727020519,1515625,-3.5239261943715974,-27.82946664358432,43.13542127284309,29.102657663173698,52.034884946980775,0,0,0,0,0,11,11,1,1
87,1954,3,7,3,19788.125,62.08663051280815,-169.96512077353358,338,481,971.7721774270276,1001.7721774270276,30.0,35.886313469781896,10.031936786549414,788.7311860262951,1954375,-3.6534666161226053,-28.644571215813315,36.37772060329007,28.525902619376556,46.22840767905801,0,0,0,0,0,16,16,1,1
87,1954,3,7,6,19788.25,62.22933507472243,-168.9646458369651,336,480,970.4239474872999,1000.4239474872999,30.0,37.09157900546567,12.998046018855023,759.5634724683123,1812500,-1.3482299397277528,-10.556740080404879,17.277850648640694,5.289341097967369,18.069345651887353,0,0,0,0,0,14,14,1,1
87,1954,3,7,9,19788.375,62.31414830704101,-167.49657810199776,333,479,969.9740809880619,999.9740809880619,30.0,36.36696787214778,13.885591363614221,791.5008810768772,1968125,-0.4498664992379781,-3.519748190322458,25.281426320284503,3.143600382050979,25.476120979262227,0,0,0,0,0,10,10,1,1
87,1954,3,7,12,19788.5,62.20487757455022,-164.66308866226407,327,478,973.0672290277358,1013.0672290277358,40.0,32.28771620627454,10.784220366904265,1574.432671998479,7787500,3.093148039673979,24.225025297944192,48.9696108960594,-4.050117027903756,49.1368114477443,0,0,0,0,0,12,12,1,1
87,1954,3,7,15,19788.625,62.45603491167122,-163.05291870590577,324,476,974.5473069402533,998.5473069402533,24.0,29.744136195774452,9.376182971383896,830.5045060832008,2166875,1.480077912517445,11.565113882347159,27.597476279580306,9.309140559137528,29.125260427192355,0,0,0,0,0,14,14,1,1
87,1954,3,7,18,19788.75,63.04782419819887,-162.17294114691674,323,473,976.344512074528,998.344512074528,22.0,27.36648084786017,5.201754013483441,859.463716293631,2320625,1.7972051342747,13.96859970959705,14.783133703914292,21.93465543482589,26.451278818846237,0,0,0,0,0,14,14,1,1
87,1954,3,7,21,19788.875,63.045889778635626,-160.65325898483556,320,472,978.1042701187476,986.1042701187476,8.0,24.87756390387612,6.0165377581430945,331.08604176942123,344375,1.759758044219634,13.677780710044876,25.53111523112659,-0.0716992138114511,25.531215907636,0,0,0,0,0,16,16,1,1
87,1954,3,8,0,19789.0,63.480478718857434,-160.32975410819944,320,470,978.8890613105392,1006.8890613105392,28.0,24.572102254598775,7.473828220678771,1386.9341840709023,6043125,0.7847911917915917,6.076553994470439,5.353874394079284,16.108028442833458,16.97446763061244,0,0,2,0,0,16,16,1,3
87,1954,3,8,3,19789.125,63.91376412849268,-159.995696372329,320,468,980.3003279193276,1004.3003279193276,24.0,23.400355439900768,7.597741564334792,1298.5555906693526,5297500,1.411266608788428,10.886516035942913,5.444579663358335,16.05971311351644,16.9575302741616,0,0,0,0,0,15,15,1,2
87,1954,3,8,6,19789.25,64.20837134010931,-160.29554640032657,321,467,982.372988604789,998.372988604789,16.0,22.595326469966697,8.089526315718759,957.9807882226248,2883125,2.0726606854613054,15.948573869355446,-4.835663205378425,10.919609094889848,11.942424436480719,0,0,0,0,0,16,16,1,2
87,1954,3,8,9,19789.375,64.28503668028898,-160.76932762433873,322,467,984.7936923213164,1003.5909782532,18.79728593188367,21.56958336748437,8.124211747763548,1297.8659903660498,5291875,2.4207037165273504,18.614652985755615,-7.619467106252105,2.8415989591525643,8.13209466422488,0,0,0,0,0,17,18,2,0
87,1954,3,8,12,19789.5,63.92373415211855,-161.565051177078,323,469,990.2817091237879,990.2817091237879,0.0,18.09994418934674,5.9593625300868736,14.104739588693906,625,5.488016802471538,42.330976942169755,-12.96427779136894,-13.391669372134784,18.638919153866052,0,0,0,2,0,16,16,1,1
87,1954,3,8,15,19789.625,63.705201442684995,-161.72074584687576,323,470,992.482796930802,992.482796930802,0.0,16.96669302347539,6.57515363323604,14.104739588693906,625,2.201087807014119,17.0096267183869,-2.556413402110316,-8.099909531633676,8.493749696284869,0,0,0,0,0,14,14,1,1
87,1954,3,8,18,19789.75,63.705201442684995,-161.72074584687576,323,470,,,,16.96669302347539,,0.0,0,0.0,,0.0,0.0,0.0,0,3,0,0,0,14,14,0,0
89,1954,3,1,6,19782.25,62.5224783413761,-36.634113875967415,287,262,1006.424116076079,1010.424116076079,4.0,13.935354705040627,3.343988755705941,372.6428422064198,436250,,,,,,3,0,0,0,0,3,3,1,1
89,1954,3,1,9,19782.375,62.30282614109142,-34.01450222103245,291,258,1004.9287050905841,1006.9287050905841,2.0,14.189239047543506,2.8448645920508717,208.25398433773478,136250,-1.4954109854949638,-11.701284759720577,45.126907641117924,-8.141403432656892,45.855427629706654,0,0,0,0,0,5,5,1,1
89,1954,3,1,12,19782.5,62.0641591605865,-30.406731781100692,297,253,1002.9319926061052,1006.9319926061052,4.0,14.195397554284494,3.865632243490617,354.3070156851716,394375,-1.9967124844789215,-15.658241768090715,62.638309692348216,-8.846185796574455,63.259883372181775,0,0,0,0,0,6,6,1,1
89,1954,3,1,15,19782.625,61.50212428922033,-27.684364489996163,301,248,1000.7102378388721,1004.7102378388721,4.0,14.172521672825356,4.805884851581868,373.442791983288,438125,-2.2217547672330693,-17.51497380460058,48.140669490661814,-20.831808764414895,52.45463101963725,0,0,0,0,0,7,7,1,1
89,1954,3,1,18,19782.75,60.55145339445875,-24.298071506833388,306,241,997.7635034961426,1001.7635034961426,4.0,14.431646997912171,6.1635355458135015,342.6029342114174,368750,-2.9467343427296147,-23.444684975115077,61.700555422228966,-35.23659346871064,71.05333249532163,0,0,0,0,0,6,6,1,1
89,1954,3,1,21,19782.875,59.41499407287438,-21.52538240186464,310,234,994.49415026685,1000.49415026685,6.0,15.949884843222979,6.334907200629168,438.83650844157603,605000,-3.2693532292924647,-26.311297269193027,52.28707763189611,-42.122836966032956,67.14366598087211,0,0,0,0,0,5,5,1,1
89,1954,3,2,0,19783.0,58.647600561679106,-19.221569137810796,314,229,992.2811498789907,994.2811498789907,2.0,16.01139013496424,6.786191413058405,149.9354384784672,70625,-2.2130003878593563,-17.95364795786303,44.42666971536485,-28.443421728289632,52.75184567018916,0,0,0,0,0,5,5,1,1
89,1954,3,2,3,19783.125,57.38167162567257,-16.7947689529435,318,222,988.677065922374,994.677065922374,6.0,17.30902539253393,6.412570424459991,425.48648364787215,568750,-3.6040839566166687,-29.6455168409335,48.48371616234878,-46.92162505882362,67.47080576865838,0,0,2,0,0,4,4,1,2
89,1954,3,2,6,19783.25,56.113581086812324,-14.176102700751661,323,215,985.2239013390122,989.2239013390122,4.0,18.25418178114818,6.842324984139196,301.19481662601754,285000,-3.453164583361795,-28.819352510912257,54.11284331413175,-47.00174481574126,71.6754060139448,0,0,0,2,0,3,3,1,1
89,1954,3,2,9,19783.375,55.511924768620204,-11.606415103357117,329,211,981.0823816006116,993.0823816006116,12.0,20.39432700990356,10.03982965406125,559.586767653868,983750,-4.141519738400675,-34.81164378325807,53.928184232986986,-22.300376722202714,58.35714057953103,0,0,0,0,0,2,2,1,1
89,1954,3,2,12,19783.5,55.41588675188397,-10.422842905829823,332,210,976.8552056986675,992.8552056986675,16.0,23.134249082368594,12.202042051539902,634.0860943010031,1263125,-4.227175901943992,-35.57264031673655,24.9004660325248,-3.5596467420247846,25.1536139265301,0,0,0,1,0,2,2,1,2
89,1954,3,2,15,19783.625,55.53674649567968,-9.306880973776224,335,210,973.0871034594654,991.0871034594654,18.0,24.753227805042528,15.673328136915368,659.613391068942,1366875,-3.768102239202126,-31.66345356826873,23.406199955917195,4.479663448547906,23.831021400448495,0,0,0,0,0,1,1,1,2
89,1954,3,2,18,19783.75,55.64396866578302,-8.183750072104578,338,210,971.3559430471468,993.3559430471468,22.0,25.13342384536156,14.470727004590444,851.557226181804,2278125,-1.7311604123187134,-14.528347778781386,23.492287121027907,3.9741871131040885,23.8260722190372,0,0,0,0,0,1,1,1,2
89,1954,3,2,21,19783.875,56.14193835413225,-7.912455615600499,339,212,970.242030032926,996.242030032926,26.0,25.40589179661196,10.807946801095968,1106.9300421113926,3849375,-1.1139130142207432,-9.293385096498149,5.6023042146267485,18.45723432240211,19.288735348520987,0,0,0,0,0,1,1,1,2
89,1954,3,3,0,19784.0,56.606489389074255,-8.019812250698187,339,214,968.7361178458243,996.7361178458243,28.0,25.721649032672484,12.489851130928946,1196.4112041571384,4496875,-1.5059121871016397,-12.496272777539422,-2.190080535809159,17.218572751009926,17.35729530586928,0,0,1,0,0,1,1,1,1
89,1954,3,3,3,19784.125,56.80480492121389,-8.462891135590922,338,215,966.9038546821793,996.9038546821793,30.0,26.434061124679676,12.983918266141991,1234.2251614143602,4785625,-1.8322631636451114,-15.169857050638722,-8.991302807581754,7.3505603495810075,11.613537946313345,0,0,0,0,0,0,0,1,1
89,1954,3,3,6,19784.25,56.76954410921398,-8.850417530023881,337,215,965.2946097848442,997.2946097848442,32.0,27.305733181552398,10.482088767275199,1282.6785350244495,5168750,-1.609244897335011,-13.328791122903597,-7.871387117779954,-1.306941134585695,7.979149722070915,0,0,0,0,0,0,0,1,1
89,1954,3,3,9,19784.375,54.67851688578532,-10.585624922101047,331,207,966.0989529020546,994.0989529020546,28.0,26.8849877303689,6.737562419038004,1081.4757917062063,3674375,0.8043431172103738,6.829893469093824,-37.18388815414613,-77.50387290697509,85.96215361332332,0,0,0,0,0,1,1,1,1
89,1954,3,3,12,19784.5,56.4631952426846,-9.558081081839925,335,214,966.9219992092076,992.9219992092076,26.0,26.199636241387605,9.31512081737077,1052.7655175565858,3481875,0.8230463071529812,6.841054936433091,21.041210599834265,66.14905965984876,69.41491653375958,0,0,0,0,0,1,1,1,1
89,1954,3,3,15,19784.625,56.15139538719515,-10.253213157859218,333,213,968.6356684570163,994.6356684570163,26.0,25.0980446815679,7.781169355424137,1162.8500269787655,4248125,1.7136692478087208,14.295573233267351,-14.351083003737989,-11.55685401964442,18.425918110410368,0,0,0,0,0,2,2,1,2
89,1954,3,3,18,19784.75,52.741427128697,-5.797854385159654,343,197,970.1247274281443,994.1247274281443,24.0,21.215265567177973,3.467835741001109,1123.9627933307754,3968750,0.9897572784665681,8.615581262642362,51.19684446620437,-28.492771344884925,58.591423452657445,0,0,0,0,2,1,1,1,2
89,1954,3,3,21,19784.875,52.78644374746865,-5.099042015538548,345,197,971.4997110734931,996.1365178599287,24.636806786435628,20.35177971043904,3.4019379983224645,1193.5810338436718,4475625,1.3749836453488387,11.961732129558909,15.664821211176857,1.668539874033446,15.753432923949495,0,0,0,0,0,2,1,2,0
89,1954,3,4,0,19785.0,55.74680201820544,-2.0929343052881464,354,209,971.8836365763206,995.7248858637598,23.84124928743928,19.01513339119624,5.976041241945495,1196.494343117258,4497500,0.38392550282747834,3.2180595091535236,62.70868749633112,109.72560691872974,126.38072757029099,0,0,1,0,0,2,1,2,0
89,1954,3,4,3,19785.125,53.09554567026726,3.7198771723242374,370,198,968.693232720171,994.693232720171,26.0,22.28599645889651,12.086024092554144,1169.758361044096,4298750,-1.0316531435889191,-8.938423187298694,16.958219017639326,25.291867756509085,30.450940328058312,0,0,0,0,2,1,1,1,2
89,1954,3,4,6,19785.25,54.02291573364123,4.176090527604564,371,202,968.4343203405989,994.4343203405989,26.0,23.061211584010437,11.63281527688967,1172.136957117549,4316250,-0.25891237957199337,-2.216611816999739,9.933686982669832,34.3729487230757,35.77957155960445,0,0,0,0,0,2,2,1,2
89,1954,3,4,9,19785.375,54.493597145148044,4.22960861177409,371,204,969.0847699429694,995.0847699429694,26.0,23.048749058972522,11.318684870435172,1193.9976560888435,4478750,0.6504496023704996,5.5358314704390725,1.1520898081986746,17.44579500848594,17.483794622571732,0,0,0,0,0,1,1,1,1
89,1954,3,4,12,19785.5,55.198334346199005,4.312503143938897,371,207,969.5347928677447,981.5347928677447,12.0,23.145026024843222,8.576206939024123,485.3342309955121,740000,0.4500229247752577,3.797011852546805,1.753581437274518,26.12106712485116,26.179862406019893,0,0,0,0,0,3,3,1,1
89,1954,3,4,15,19785.625,55.465425803774046,3.588106673889239,369,208,970.0295415587018,996.0295415587018,26.0,22.89460908308542,7.045456476965045,1264.558931294156,5023750,0.494748690957058,4.16094320641833,-15.221139703325521,9.89973834414812,18.157310184902087,0,0,2,0,0,2,2,1,2
89,1954,3,4,18,19785.75,55.4793697817304,3.211248018111607,368,208,971.1787995746257,983.1787995746257,12.0,22.28780260256722,6.67902742393213,459.6500701125706,663750,1.1492580159239878,9.663889594873773,-7.915842535001724,0.5168332019969614,7.932696867877214,0,0,0,2,0,2,2,1,1
89,1954,3,4,21,19785.875,55.4793697817304,3.211248018111607,368,208,972.3198088887018,984.3198088887018,12.0,21.813133622847207,6.099614820409988,456.17440534586456,653750,1.1410093140760729,9.594527847681439,0.0,0.0,0.0,0,0,0,0,0,3,3,1,1
89,1954,3,5,0,19786.0,55.230660967826175,3.564638972115678,369,207,974.047651144887,986.047651144887,12.0,20.44309710401189,5.932242566290006,500.2710745306043,786250,1.7278422561852493,14.572739326355888,7.46968520044905,-9.218386105978533,11.864857327111256,0,0,0,0,0,3,3,1,1
89,1954,3,5,3,19786.125,55.21526409245954,3.9387390838511935,370,207,975.0944429184971,987.0944429184971,12.0,19.582767598959137,6.1625965291220925,539.1258803114296,913125,1.0467917736100207,8.830360827360643,7.910477784017009,-0.5706848089828181,7.931036497370971,0,0,0,0,0,3,3,1,1
89,1954,3,5,6,19786.25,55.21526409245954,3.9387390838511935,370,207,976.468761045098,986.468761045098,10.0,18.550721653396256,6.009906002383795,439.289618018595,606250,1.3743181266008468,11.5932559420255,0.0,0.0,0.0,0,0,0,0,0,1,1,1,1
89,1954,3,5,9,19786.375,55.198334346199005,4.312503143938897,371,207,978.7351388816352,984.7351388816352,6.0,17.01074854908623,5.599107578858093,257.3873444091637,208125,2.2663778365372855,19.122278075009277,7.906733478386923,-0.6275006311837326,7.93159450176196,0,0,0,0,0,1,1,1,1
89,1954,3,5,12,19786.5,54.94523801158139,4.655507428013619,372,206,981.1169953207863,987.1169953207863,6.0,15.17765386632175,5.451821687422052,264.25221149797227,219375,2.3818564391510155,20.15870479567362,7.302075763988968,-9.381009453937466,11.887962350121201,0,0,0,0,0,2,2,1,1
89,1954,3,5,15,19786.625,54.903972592376306,5.396292239899043,374,206,983.2913527872165,987.2913527872165,4.0,12.928506845557058,5.530328343884539,199.96919625742038,125625,2.1743574664302288,18.411857996478656,15.786386308088877,-1.529501753822069,15.860307950451679,0,0,0,0,0,2,2,1,1
89,1954,3,5,18,19786.75,54.622346698287025,6.095861544595817,376,205,985.8717182480162,989.8717182480162,4.0,11.287343454511173,6.244689498652806,221.22419623711556,153750,2.5803654607998032,21.92581826137939,15.012175643389817,-10.43845687815542,18.284605534303896,0,0,0,0,0,1,1,1,1
89,1954,3,5,21,19786.875,54.3351061537685,6.784649385384346,378,204,987.7528504132969,989.7528504132969,2.0,10.101365205666347,6.384692839453054,126.94265629824517,50625,1.8811321652805781,16.04161682814299,14.884986302342964,-10.646563759026725,18.300604828692382,0,0,0,0,0,2,2,1,1
89,1954,3,6,0,19787.0,54.042359490077764,7.462708585110367,380,203,989.0298565086462,991.0298565086462,2.0,9.662706826858997,7.755632052320362,128.50029317392293,51875,1.277006095349352,10.930067595285744,14.757272059487862,-10.85064793151019,18.317031396253256,0,0,0,0,0,2,2,1,1
89,1954,3,6,3,19787.125,53.94373802967001,8.53971667682002,383,203,991.074705714763,991.074705714763,0.0,7.68545721384233,5.546847801115145,14.104739588693906,625,2.044849206116778,17.52404749275706,23.495438490649796,-3.6554020185399168,23.778090625301555,0,0,0,0,0,3,3,1,1
89,1954,3,6,6,19787.25,53.94373802967001,8.53971667682002,383,203,,,,7.68545721384233,,0.0,0,0.0,,0.0,0.0,0.0,0,3,0,0,0,3,3,0,0
94,1954,3,4,3,19785.125,64.604059913427,-123.76071580030232,266,422,1006.1565634882779,1008.1565634882779,2.0,11.603718015846814,8.284219041633332,158.3253092116782,78750,,,,,,3,0,0,0,0,11,11,1,1
94,1954,3,4,6,19785.25,64.41260890494333,-123.47968005228897,265,422,1007.5875071511409,1009.5875071511409,2.0,10.917108547710527,7.434234978239547,216.2215635251125,146875,1.430943662862992,10.991867408846685,4.498786031840961,-7.096126948122902,8.402029125405564,0,0,0,0,0,10,10,1,1
94,1954,3,4,9,19785.375,63.19521589016499,-124.69515353123397,262,427,1008.1714767316136,1010.1714767316136,2.0,10.252988810441092,9.7569921870689,250.33429417967045,196875,0.5839695804726216,4.532931756481585,-20.31576127947993,-45.122642325291544,49.485179668068376,0,0,0,0,0,9,9,1,1
94,1954,3,4,12,19785.5,62.87423470813307,-124.81596680397591,261,428,1005.4252106312538,1011.4252106312538,6.0,12.502419304864063,12.397010266496872,556.0202127225293,971250,-2.7462661003597897,-21.378114173560935,-2.0416953166973375,-11.897159663440817,12.071078154979656,0,0,0,0,0,12,12,1,1
94,1954,3,4,15,19785.625,62.74183777941986,-125.20617264155243,261,429,1004.6348690521212,1010.493699871469,5.858830819347786,12.26894407490501,18.123968256256195,526.996561369576,872500,-0.7903415791325097,-6.159666289912105,-6.6240381319822825,-4.907288925410252,8.243747071047816,0,0,0,1,0,12,11,2,0
94,1954,3,4,18,19785.75,62.20675822158109,-118.96401796188603,252,419,1003.5431053887667,1013.5431053887667,10.0,15.358012405238831,8.827175605316151,695.4366134454649,1519375,-1.0917636633545045,-8.550365011991708,107.83978963027226,-19.83271072762878,109.64833168957556,0,0,1,0,0,8,8,1,1
94,1954,3,4,21,19785.875,62.22368928730926,-117.92152834512622,251,417,1003.7420400880511,1013.7420400880511,10.0,14.494445073303803,3.6300666866013493,744.350821614822,1740625,0.19893469928443663,1.5577542364640502,18.006782885439193,0.6275495372199571,18.01771484692248,0,0,0,0,0,9,9,1,1
94,1954,3,5,0,19786.0,61.91104471774586,-115.01689347810002,247,412,1003.7412391329921,1013.7412391329921,10.0,14.268876315758353,3.313885524212965,783.9241187854733,1930625,-0.0008009550590941216,-0.006290034504513452,50.68670996082815,-11.588163326140814,51.994500631570936,0,0,0,0,0,9,9,1,1
94,1954,3,5,3,19786.125,62.295280383940664,-110.80241829047954,245,403,1001.7581718153499,1011.7581718153499,10.0,16.034032313685024,2.8455256514326903,724.028033855686,1646875,-1.983067317642126,-15.518168686952906,72.6112643701828,14.241685572251408,73.99473847089028,0,0,0,0,0,9,9,1,1
94,1954,3,5,6,19786.25,63.693329745428485,-106.72281304365278,248,393,999.85103193952,1013.85103193952,14.0,16.907319835784566,1.6210181234123593,879.3714117184767,2429375,-1.9071398758298892,-14.739557206109078,67.00140721218233,51.81866539870354,84.7016095013281,0,0,0,0,0,7,7,1,1
94,1954,3,5,9,19786.375,64.16609413229398,-104.94755228881019,249,389,998.0118998481491,1014.0118998481491,16.0,17.926094415117138,3.7457519551928273,938.9986074159535,2770000,-1.8391320913708478,-14.156685027405622,28.67232759400464,17.52300043922277,33.60294502050261,0,0,0,0,0,10,10,1,1
94,1954,3,5,12,19786.5,64.61223649989533,-103.10920819815429,250,385,996.0598333664169,1016.0598333664169,20.0,18.832292883132183,4.486454881067184,1110.339577753398,3873125,-1.9520664817323268,-14.970014311816147,29.21268996607977,16.536255946153744,33.56827394685349,0,0,0,0,0,11,11,1,1
94,1954,3,5,15,19786.625,64.7598358675049,-101.6114864238885,250,382,994.2447027246899,1010.2447027246899,16.0,18.612901138960314,5.144632190480042,811.4823331673443,2068750,-1.8151306417270099,-13.902929444013518,23.670948328732468,5.470766951376811,24.294918930052003,0,0,0,0,0,10,10,1,1
94,1954,3,5,18,19786.75,64.66339570711257,-100.00797980144135,249,379,993.614042665816,1007.614042665816,14.0,18.045651175984485,8.381834336498068,712.5336963703163,1595000,-0.6306600588739093,-4.834361472959062,25.433203990035235,-3.5745521868049823,25.68317130992465,0,0,0,0,0,10,10,1,1
94,1954,3,5,21,19786.875,65.83358800665596,-99.9460049424173,254,378,993.0530222471637,1005.0530222471637,12.0,18.55641638504823,7.84643459935236,666.8126590452393,1396875,-0.5610204186523333,-4.260228799593154,0.9404043541599388,43.373148969251204,43.38334256207306,0,0,0,0,0,10,10,1,1
94,1954,3,6,0,19787.0,66.32417857334082,-99.59692441814673,256,377,994.2224068445436,1002.2224068445436,8.0,17.33361773098332,6.502900924146888,535.9801043703685,902500,1.1693845973799761,8.846309123195155,5.195659285317462,18.183727358345628,18.91144669378186,0,0,0,0,0,12,12,1,2
94,1954,3,6,3,19787.125,66.16971679811896,-98.43690413140591,255,375,994.3158780164671,996.3158780164671,2.0,16.18615406622193,6.44890533686841,151.2564810824976,71875,0.0934711719234474,0.7079419845090199,17.371425411347303,-5.72512192172798,18.290528746885727,0,0,0,2,0,15,15,1,1
94,1954,3,6,6,19787.25,66.16971679811896,-98.43690413140591,255,375,995.2413296778391,995.2413296778391,0.0,15.164186826554781,5.690135737691308,14.104739588693906,625,0.9254516613720625,7.009285025927421,0.0,0.0,0.0,0,0,0,0,0,12,12,1,1
94,1954,3,6,9,19787.375,66.16971679811896,-98.43690413140591,255,375,,,,15.164186826554781,,0.0,0,0.0,,0.0,0.0,0.0,0,3,0,0,0,12,12,0,0
97,1954,3,4,9,19785.375,66.68020500945022,-31.15379158817347,306,271,1001.8920348000917,1009.8920348000917,8.0,11.2211562932329,26.091005563955765,389.607529411195,476875,,,,,,3,0,0,0,0,3,3,1,1
97,1954,3,4,12,19785.5,66.91371730902029,-30.196019843729506,308,271,996.9640644026146,1006.9640644026146,10.0,15.273837223678393,38.85705606805291,375.0375727276702,441875,-4.927970397477038,-37.114261137428265,13.919928601953352,8.655127673765628,16.391328418790913,0,0,0,0,0,6,6,1,1
97,1954,3,4,15,19785.625,66.94054608050547,-28.945780337224257,310,270,992.7510723465998,1004.7510723465998,12.0,18.082347996582126,40.12597431608112,368.8868069524451,427500,-4.212992056014773,-31.72318201553596,18.150466683683764,0.9944077590859971,18.17768653120756,0,0,0,0,0,5,5,1,1
97,1954,3,4,18,19785.75,66.74004038675851,-28.676953770943978,310,269,990.2978308884101,1002.2978308884101,12.0,19.337986936024915,42.106357442919546,335.8586993311039,354375,-2.4532414581897317,-18.50020429347882,3.9348358333574076,-7.4317386360033115,8.409142179160597,0,0,0,0,0,4,4,1,1
97,1954,3,4,21,19785.875,66.03775600398251,-27.168142371458522,311,265,990.0689552763127,1002.0689552763127,12.0,18.783663780908462,15.117759280866446,385.50087952176875,466875,-0.22887561209732665,-1.7352524644425755,22.712144452927888,-26.03015347546535,34.54577247083851,0,0,0,0,0,5,5,1,1
97,1954,3,5,0,19786.0,65.83144745841797,-25.727802932730143,313,263,987.279713771741,999.279713771741,12.0,20.30523622049687,10.788986187516711,371.8411714846597,434375,-2.7892415045718373,-21.18105830708772,21.857002018331457,-7.646821196731761,23.15604481866736,0,0,0,0,0,5,5,1,1
97,1954,3,5,3,19786.125,65.60979019507361,-24.312341429565144,315,261,986.1725705859885,998.1725705859885,12.0,20.15729212785984,6.897791825277308,429.4424179185537,579375,-1.1071431857523566,-8.42215462744029,21.664508602869994,-8.215721045935895,23.17000227251741,0,0,0,0,0,5,5,1,1
97,1954,3,5,6,19786.25,65.07202273876307,-23.19859051364819,316,258,985.3308532244042,995.3308532244042,10.0,20.25907068494815,6.766541427994016,415.0725549792189,541250,-0.8417173615843058,-6.4306821165244505,17.398899060111308,-19.932337618761174,26.45788675333357,0,0,0,0,0,3,3,1,1
97,1954,3,5,9,19786.375,64.7927448192328,-17.461176650424466,326,253,983.385258639048,995.385258639048,12.0,20.141514908038868,19.10226179637124,476.64838325927485,713750,-1.9455945853563026,-14.89818192201956,90.53837660579987,-10.351429258538062,91.12820488799375,0,0,0,0,0,6,6,1,1
97,1954,3,5,12,19786.5,64.48577297062288,-16.189206257026942,328,251,980.9565768114023,992.9565768114023,12.0,22.397170211127232,16.03773451311201,428.51489541470346,576875,-2.4286818276456326,-18.64465907006651,20.30690907095534,-11.377904062707561,23.277183181738838,0,0,0,0,0,7,7,1,1
97,1954,3,5,15,19786.625,64.48577297062288,-16.189206257026942,328,251,978.544389121123,992.544389121123,14.0,23.686135485363526,15.278036283130858,507.3786755975666,808750,-2.412187690279388,-18.518035827636034,0.0,0.0,0.0,0,0,0,0,0,6,6,1,1
97,1954,3,5,18,19786.75,63.75868548324847,-16.250338033790396,327,248,979.2844487274757,991.2844487274757,12.0,23.402854336484427,6.565980206011083,502.0574081933153,791875,0.7400596063527337,5.716418740363028,-1.0018507524979763,-26.949479940924668,26.968095483674443,0,0,0,0,0,5,5,1,1
97,1954,3,5,21,19786.875,63.26334516868888,-19.50720452719691,320,248,979.389723916888,989.389723916888,10.0,24.08825587395788,8.456654049095668,485.7439687054641,741250,0.1052751894123503,0.8166847772259936,-54.30299692714401,-18.35977664718233,57.32274307640758,0,0,0,0,0,6,6,1,1
97,1954,3,6,0,19787.0,62.537686101276265,-17.98733465206146,322,244,978.5905842473227,988.5905842473227,10.0,23.752687508148245,5.164139749076348,506.2010059037334,805000,-0.7991396695653384,-6.239730045983192,25.978646411383504,-26.896535589968043,37.39403289443527,0,0,0,0,0,6,6,1,1
97,1954,3,6,3,19787.125,61.94645450001704,-17.119715561947242,323,241,976.8290989891788,988.8290989891788,12.0,24.612849564247714,6.507224387556197,574.1512656775113,1035625,-1.7614852581439482,-13.828680789660414,15.123814550706399,-21.913984843988306,26.6261619146791,0,0,0,0,0,6,6,1,1
97,1954,3,6,6,19787.25,61.792068301796874,-16.54516452221016,324,240,975.247893032136,987.247893032136,12.0,25.750091937166015,7.545175922263879,561.5387172767499,990625,-1.5812059570428392,-12.431279507920646,10.065874171591174,-5.7223206620077605,11.578720853235353,0,0,0,0,0,4,4,1,1
97,1954,3,6,9,19787.375,61.503962557825126,-16.85180015213771,323,239,974.6831608194817,986.6831608194817,12.0,26.094193183158414,7.669906497088595,579.1537296488467,1053750,-0.5647322126541985,-4.451930417122438,-5.42242448631245,-10.678632355604796,11.976471779949657,0,0,0,0,0,3,3,1,1
97,1954,3,6,12,19787.5,60.48194067662821,-17.18354101632975,321,235,975.694694113078,987.694694113078,12.0,24.764455254337456,5.181433746547482,639.241985783507,1283750,1.0115332935962942,8.05344134801893,-6.058190316482935,-37.88121603627484,38.36258852446813,0,0,0,0,0,2,2,1,1
97,1954,3,6,15,19787.625,59.2755981928567,-15.625959993885838,323,229,975.2747401542445,987.2747401542445,12.0,24.107259670728133,2.9713038003936525,650.0433630989414,1327500,-0.41995395883350284,-3.384607647188078,29.494979592892054,-44.71305466372954,53.56501730184341,0,0,0,0,0,1,1,1,1
97,1954,3,6,18,19787.75,58.55327418418935,-13.986115939584936,326,225,974.4709765501153,988.9134884599966,14.442511909881286,24.13070555177762,3.0390824277003414,710.856486442072,1587500,-0.8037636041291989,-6.527336030674669,31.70888215836673,-26.772921719123275,41.49991018196896,0,0,0,0,0,3,2,2,0
97,1954,3,6,21,19787.875,58.58188229650789,-6.842773412630941,343,222,970.1085504615056,992.1085504615056,22.0,28.443090877765695,6.22472568333913,843.9303113031499,2237500,-4.362426088609645,-35.416299736833736,137.9529203466108,1.060358983566579,137.9569954490615,0,0,1,0,0,3,3,1,1
97,1954,3,7,0,19788.0,59.47713097684125,-7.468100748425328,342,226,967.1614336412067,993.1614336412067,26.0,31.164735974693233,8.908139394373357,885.233952720251,2461875,-2.9471168202989793,-23.70280455086173,-11.771520216786012,33.1823704461017,35.20849892620424,0,0,0,0,0,2,2,1,1
97,1954,3,7,3,19788.125,59.707683889362805,-7.523820438638627,342,227,964.7923787902014,994.7923787902014,30.0,33.356224981514046,8.095698843469073,936.2402731556754,2753750,-2.3690548510053486,-19.00867736293281,-1.0417359743854768,8.545438065174848,8.608700573609708,0,0,0,0,0,4,4,1,1
97,1954,3,7,6,19788.25,59.41326966420528,-8.310277167524195,340,226,963.0490756909473,995.0490756909473,32.0,34.634309168410084,7.786598390240397,947.7503416379676,2821875,-1.7433030992539715,-14.030108961627082,-14.83265931183986,-10.912456056501945,18.41438240740633,0,0,0,0,0,2,2,1,1
97,1954,3,7,9,19788.375,58.72189201088815,-8.130102354155978,340,223,962.8528195955541,996.8528195955541,34.0,34.64055213753225,9.719781610159698,998.9501955483986,3135000,-0.19625609539318248,-1.5909326023699615,3.4672579967519903,-25.625895814761957,25.859397021683918,0,0,0,0,0,0,0,1,1
97,1954,3,7,12,19788.5,58.1185879528665,-6.74557964748282,343,220,964.5368212459846,998.5368212459846,34.0,33.297001368399506,10.17722382385291,1048.3152589033211,3452500,1.6840016504304367,13.739858401857202,27.103417751410305,-22.361450158693977,35.13729794687147,0,0,0,1,0,1,1,1,2
97,1954,3,7,15,19788.625,57.787763285831375,-4.243852273898035,349,218,966.1184867932961,1000.1184867932961,34.0,31.83472384651042,10.097110259222317,1189.6576530433783,4446250,1.581665547311568,12.951622663334538,49.425678544061135,-12.262008194393555,50.92400754555988,0,0,0,0,0,1,1,1,2
97,1954,3,7,18,19788.75,58.0953312127732,-1.8344690323917512,355,219,966.5904748921769,998.5904748921769,32.0,31.865494047364663,10.138852628039094,1063.0146264057032,3550000,0.47198809888068355,3.851948651997085,47.19518635079958,11.399997691505163,48.552503149199445,0,0,0,0,0,2,2,1,2
97,1954,3,7,21,19788.875,59.04452199839284,-0.2098737115675499,359,223,966.9723896047539,998.9723896047539,32.0,32.10656179938294,13.363478255635346,1067.0307746937976,3576875,0.3819147125769814,3.085452166998619,30.97243939955087,35.18173325955543,46.87266108837176,0,0,0,0,0,3,3,1,1
97,1954,3,8,0,19789.0,59.96961346890029,1.0809241866606887,362,227,967.7481578791156,999.7481578791156,32.0,31.955905609324347,15.866475789874094,1129.4365271592474,4007500,0.7757682743617624,6.208047940092453,23.943287469504153,34.28849273419441,41.820829126527585,0,0,0,0,0,4,4,1,1
97,1954,3,8,3,19789.125,61.12934572611307,1.123302714075429,362,232,968.1818402838167,998.1818402838167,30.0,31.51822537727429,12.739642317339383,1006.29186890394,3181250,0.4336824047011032,3.431082416035766,0.7584157595125325,42.98544775603455,42.99213780740675,0,0,0,0,0,4,4,1,1
97,1954,3,8,6,19789.25,62.05854390375909,0.6958659395087939,361,236,968.9092547696163,996.9092547696163,28.0,30.49651607356385,11.582468810252903,943.5427721732012,2796875,0.727414485799527,5.704689078065984,-7.423496276592239,34.44070773386883,35.23167106707189,0,0,0,0,0,4,4,1,1
97,1954,3,8,9,19789.375,62.74183777941986,1.6637250042915919,363,239,970.8067413940096,996.8067413940096,26.0,29.602375361888942,12.434386626559135,911.4761669619747,2610000,1.8974866243933501,14.7883961877137,16.430007673718496,25.326270793592034,30.188824827555006,0,0,0,0,0,5,5,1,1
97,1954,3,8,12,19789.5,63.65576864346146,2.212042002048353,364,243,973.1745954956317,997.1745954956317,24.0,28.235767718149482,12.360010771066372,886.2446863922534,2467500,2.3678541016220698,18.306178739106443,9.018728500319018,33.87482512843448,35.05483192435078,0,0,0,0,0,4,4,1,2
97,1954,3,8,15,19789.625,64.3355901838838,2.774277311300789,365,246,974.5570682289457,996.5570682289457,22.0,27.534934575835898,11.763995442326486,820.5031439785696,2115000,1.3824727333140618,10.626385096151028,9.025429605027904,25.1975687728841,26.76519851634839,0,0,0,0,0,3,3,1,2
97,1954,3,8,18,19789.75,65.22635191912838,3.9182488640673765,367,250,976.2745195342869,998.2745195342869,22.0,27.10442673050179,11.229456410214116,855.9845613440194,2301875,1.7174513053412375,13.104890853054345,17.7673559728092,33.016061936100726,37.49318983539488,0,0,0,0,0,4,4,1,2
97,1954,3,8,21,19789.875,66.10473269904028,5.145458167938817,369,254,978.293107682967,998.293107682967,20.0,26.59619549007784,10.800535310207998,813.0743169403154,2076875,2.0185881486801374,15.29627190293638,18.424736291101862,32.55716212943114,37.40908597277821,0,0,0,0,0,3,3,1,2
97,1954,3,9,0,19790.0,66.96964378666726,6.4640743193768415,371,258,980.6028266682739,998.6028266682739,18.0,24.945882523981545,9.712891140270148,801.4918209530666,2018125,2.3097189853068265,17.388071689752874,19.120254850032573,32.057908314249175,37.3268486617207,0,0,0,0,0,3,3,1,2
97,1954,3,9,3,19790.125,68.0764972402612,7.380636358840827,372,263,982.1009224573721,1000.1009224573721,18.0,24.245218694222807,8.488740073123045,821.1090839060555,2118125,1.4980957890981517,11.188207734305553,12.684083718886829,41.02549619288515,42.94155700088393,0,0,0,0,0,5,5,1,2
97,1954,3,9,6,19790.25,68.87877151363645,9.512537602278984,375,267,983.6546542494833,1001.6546542494833,18.0,23.658622756168498,8.467066935179172,856.7976278044702,2306250,1.5537317921112117,11.539813242334866,28.4724229414698,29.736276325592534,41.16946681546812,0,0,0,0,0,5,5,1,2
97,1954,3,9,9,19790.375,69.69346228405583,11.18537662781296,377,271,985.1266451615921,1003.1266451615921,18.0,23.147298360643163,9.30385734352829,884.1095600999182,2455625,1.4719909121088859,10.874083651415672,21.517270209892768,30.196493484926958,37.078580556310065,0,0,0,0,0,5,5,1,2
97,1954,3,9,12,19790.5,70.70956082435295,13.14486761755074,379,276,986.966583685926,1002.966583685926,16.0,21.90478115306504,9.223245149131618,852.7245430096972,2284375,1.8399385243338475,13.505732657505732,23.99227954689337,37.66166755066066,44.65457065690772,0,0,0,0,0,8,8,1,2
97,1954,3,9,15,19790.625,71.41922183064351,15.802513953935529,382,280,987.980873857933,1003.980873857933,16.0,21.546073909946493,8.815688975446246,847.4589551725662,2256250,1.014290172007022,7.413641839646647,31.385426125416537,26.30356784566063,40.95024608577158,0,0,0,0,0,4,4,1,1
97,1954,3,9,18,19790.75,72.08468582798244,18.662311833912575,385,284,988.5568375963473,1004.5568375963473,16.0,21.272791476836332,7.298956477056054,862.9288441066304,2339375,0.5759637384142843,4.193738928690778,32.60318539429124,24.66540678956576,40.88214757017153,0,0,0,1,0,6,6,1,2
97,1954,3,9,21,19790.875,74.71700470349748,15.771948056854868,378,294,988.729484034226,1006.729484034226,18.0,21.47084157695815,4.339679111980732,940.0573501216556,2776250,0.17264643787857495,1.2399806689452837,-28.235597239135696,97.56683475599434,101.57035096795812,0,0,1,0,0,4,4,1,1
97,1954,3,10,0,19791.0,74.5880419838704,17.37892501692447,380,294,987.4204505160748,1007.4204505160748,20.0,23.25462486268786,3.887218580282497,955.1731315705493,2866250,-1.3090335181511181,-9.407545979839615,15.828704890544545,-4.780000049605433,16.534699845663265,0,0,0,0,0,5,5,1,1
97,1954,3,10,3,19791.125,75.34726121116299,22.045913462371523,384,299,987.0426199975399,1007.0426199975399,20.0,23.503999573468434,4.76505580011013,951.7303031173009,2845625,-0.3778305185349018,-2.705684294375175,43.74615601450449,28.14044209531249,52.0154846883599,0,0,0,0,0,5,5,1,1
97,1954,3,10,6,19791.25,75.78969205126954,24.74353782547688,386,302,987.1381089195775,1009.0580994644607,21.919990544883184,23.508690094535684,6.4029932392003674,1036.3864733734365,3374375,0.0954889220376208,0.6824487705097867,24.542951077137094,16.39868827031275,29.517341082178078,0,0,0,1,0,6,7,2,0
97,1954,3,10,9,19791.375,77.71412987179805,33.835119822451404,390,314,986.6304182118973,1008.1674809294782,21.53706271758085,23.365383794409233,3.329544639178203,993.2581253082636,3099375,-0.5076907076801581,-3.5998273563936127,71.63381719502524,71.32924076189413,101.0903771562781,0,0,1,0,0,6,5,2,0
97,1954,3,10,12,19791.5,77.95492511609528,35.90972307917768,391,316,985.8414811590125,1007.2981615236109,21.456680364598434,23.480795255833286,3.307381750959684,971.8974160117923,2967500,-0.7889370528848667,-5.588964370873172,16.04572269418316,8.925069841996963,18.360884740751143,0,0,0,0,0,8,7,2,0
97,1954,3,10,15,19791.625,78.00112945345917,37.40535663140856,392,317,,,,23.534517007849413,,0.0,0,-0.3265953220112715,,11.524331732554518,1.712562634612265,11.65088377160433,0,0,0,2,0,8,7,0,0
101,1954,3,4,12,19785.5,47.80023531181236,-47.42260745812377,224,235,1009.7759125649796,1011.7759125649796,2.0,7.747475230554231,3.782020319409712,219.87113035631398,151875,,,,,,3,0,0,0,0,5,5,1,1
101,1954,3,4,15,19785.625,48.32937611217328,-46.782950479573664,227,235,1007.5795404083538,1011.5795404083538,4.0,8.577940146629974,4.9602554788280395,374.7722472096855,441250,-2.1963721566258756,-20.371268170765944,15.762736465359184,19.612590826925203,25.1618278314743,0,0,0,0,0,4,4,1,1
101,1954,3,4,18,19785.75,48.32937611217328,-46.782950479573664,227,235,1005.6776848373274,1011.6776848373274,6.0,8.792565274005344,6.114375397882759,468.2263705827405,688750,-1.90185557102639,-17.639638047024835,0.0,0.0,0.0,0,0,0,0,0,3,3,1,1
101,1954,3,4,21,19785.875,48.00493634688727,-45.88480656083451,228,232,1004.8483034248509,1010.8483034248509,6.0,9.489356059320297,4.11999622158859,455.0828163074594,650625,-0.8293814124765049,-7.731571405495748,22.27288791248461,-12.025351967185491,25.311867293757587,0,0,0,0,0,4,4,1,1
101,1954,3,5,0,19786.0,48.180092952327286,-45.22207555269346,230,231,1004.4374292368811,1010.4374292368811,6.0,8.602041240204018,3.326313972398857,480.8040711568258,726250,-0.4108741879697482,-3.8197133479101826,16.379086662025532,6.4921752977377265,17.618820050692914,0,0,0,0,0,4,4,1,1
101,1954,3,5,3,19786.125,48.582691459053365,-40.96228937902288,241,223,1003.2046748543149,1007.2046748543149,4.0,10.88947937849662,4.968468257855929,357.66015365163463,401875,-1.2327543825661997,-11.389044760491469,104.43602540176664,14.922303807538208,105.49672294741158,0,0,0,0,0,4,4,1,1
101,1954,3,5,6,19786.25,48.76382973754737,-41.17095370550347,241,224,1002.7796973171604,1006.7796973171604,4.0,9.37578135470296,5.310940586901779,387.0459794200768,470625,-0.424977537154482,-3.9153389844130766,-5.098066334492066,6.713885863220759,8.430097492629425,0,0,0,0,0,2,2,1,1
101,1954,3,5,9,19786.375,48.7891872074323,-37.09283729704155,251,216,1002.6014609800206,1006.6014609800206,4.0,10.53564123055662,3.838507270899208,433.5917163960831,590625,-0.17823633713982417,-1.641463532546809,99.57395551629548,0.9398740012488201,99.57839113130628,0,0,0,0,0,2,2,1,1
101,1954,3,5,12,19786.5,49.53016594273338,-33.46537934635529,262,212,1001.2602322374547,1005.2602322374547,4.0,10.756109230829903,5.914523457335817,369.4257214939158,428750,-1.3412287425658724,-12.214699026855245,87.25707961145768,27.464358705660977,91.47725914911028,0,0,0,0,0,3,3,1,1
101,1954,3,5,15,19786.625,49.99297837918001,-33.099410311333116,264,213,999.7916003693375,1003.7916003693375,4.0,10.141746127608757,7.081772377069282,310.9447345242019,303750,-1.468631868117227,-13.28385923522863,8.720442909407913,17.15413164029043,19.243449713309097,0,0,0,0,0,3,3,1,1
101,1954,3,5,18,19786.75,49.92191118235572,-32.646791765825874,265,212,999.068745270609,1003.068745270609,4.0,10.12738008383675,5.455624731748831,311.2644721248978,304375,-0.7228550987284689,-6.545084446151119,10.801083551334662,-2.6341039125705112,11.11763955635959,0,0,0,0,0,3,3,1,1
101,1954,3,5,21,19786.875,49.771916895912604,-31.746284373504633,267,210,1000.0542832443856,1001.8181642486758,1.7638810042901605,8.42339867066676,4.197101495535826,219.41825422078801,151250,0.9855379737765179,8.943274498319111,21.55598836698371,-5.55953455938164,22.261380437755783,0,0,0,1,0,3,1,2,0
101,1954,3,6,0,19787.0,49.771916895912604,-31.746284373504633,267,210,,,,8.42339867066676,,0.0,0,0.0,,0.0,0.0,0.0,0,3,0,0,0,3,1,0,0
104,1954,3,4,21,19785.875,33.203277287884774,-145.23024263135332,221,559,1015.4213408417388,1015.4213408417388,0.0,8.750373879464618,4.406631174624344,14.104739588693906,625,,,,,,3,0,0,0,0,14,14,1,1
104,1954,3,5,0,19786.0,30.343834321877697,-147.2173266245076,222,573,1013.4455842804981,1013.4455842804981,0.0,8.470091253861874,3.0217243233810587,14.104739588693906,625,-1.975756561240705,-27.095739520752613,-63.5608749923798,-105.98518361648543,123.58334829586494,0,0,0,0,0,14,14,1,1
104,1954,3,5,3,19786.125,29.32560431322555,-147.51176553847233,221,577,1011.4833962844468,1011.4833962844468,0.0,9.144782587879932,2.655014433041797,14.104739588693906,625,-1.9621879960513615,-27.756658366337827,-9.514825473967669,-37.7406703731212,38.92158917635111,0,0,0,0,0,14,14,1,1
104,1954,3,5,6,19786.25,28.883770110057153,-147.74891452640145,221,579,1010.0957361269221,1014.0957361269221,4.0,11.682345024152593,7.010396332665259,481.0109130984897,726875,-1.3876601575246605,-19.90332795262864,-7.696466138068409,-16.376573936789054,18.094965181551256,0,0,0,0,0,13,13,1,1
104,1954,3,5,9,19786.375,29.32560431322555,-147.51176553847233,221,577,1008.4802962005534,1014.4802962005534,6.0,14.481272622706168,11.477492886760373,437.92888284027794,602500,-1.6154399263687083,-22.85164022906624,7.663496004357364,16.376573936789054,18.080966371184918,0,0,0,0,0,17,17,1,1
104,1954,3,5,12,19786.5,29.825302968668367,-147.7691841571598,223,576,1002.716832708362,1010.716832708362,8.0,19.719007641712594,22.982578533806226,313.4935044929087,308750,-5.763463492191513,-80.28525893290198,-8.277440017858593,18.521318445449467,20.28682454715359,0,0,0,0,0,19,19,1,1
104,1954,3,5,15,19786.625,29.742868320194596,-148.07756822446456,224,577,999.1352618508743,1011.1352618508743,12.0,23.054827825746262,22.425894487131444,426.42059340806986,571250,-3.581570857487677,-50.016990407013616,-9.92443064900785,-3.0554382300037064,10.384123770657519,0,0,0,0,0,17,17,1,1
104,1954,3,5,18,19786.75,28.801068767392326,-148.05304607975185,222,580,997.8924234167138,1013.8924234167138,16.0,24.309007809575355,20.650762385850104,646.5142452375586,1313125,-1.2428384341605123,-17.872920466179703,0.7964780960742766,-34.90777739590877,34.91686268953505,0,0,0,0,0,17,17,1,1
104,1954,3,5,21,19786.875,28.52217265592171,-147.6803834918198,220,580,996.8759671945078,1012.8759671945078,16.0,24.584677793974116,18.922067225553036,590.2121497329464,1094375,-1.0164562222058884,-14.748131453081532,12.13630688323017,-10.337277552142547,15.942059213099485,0,0,0,0,0,17,17,1,1
104,1954,3,6,0,19787.0,28.82325061491717,-147.2581476403178,219,578,992.8320699332883,1008.8320699332883,16.0,26.360284973261148,16.156296769710096,521.6847253726536,855000,-4.043897261219536,-58.11326515521929,13.711273198971975,11.15944718826454,17.67858236071299,0,0,0,0,0,19,19,1,1
104,1954,3,6,3,19787.125,28.74361910768618,-147.56260055661213,220,579,992.9474955662074,1008.9474955662074,16.0,25.7535909391558,15.100931856060123,557.2711034210017,975625,0.11542563291906845,1.6629382368436243,-9.894059775158889,-2.951539868381938,10.324921618543417,0,0,0,0,0,22,22,1,1
104,1954,3,6,6,19787.25,28.15978130532899,-147.61257340899306,219,581,994.6065285061196,1010.6065285061196,16.0,24.283248596355374,11.495393753392783,603.0497864728756,1142500,1.6590329399122856,24.35545145715478,-1.6330017416687315,-21.639933868476028,21.701461529590787,0,0,0,0,0,18,18,1,1
104,1954,3,6,9,19787.375,27.87652918508834,-147.24516755339369,217,581,995.4525668347416,1011.4525668347416,16.0,22.96193865098611,9.112609744128058,679.9596382741817,1452500,0.846038328621944,12.536205766606495,12.037627115401476,-10.498732910691535,15.97272235091709,0,0,0,0,0,14,14,1,1
104,1954,3,6,12,19787.5,28.318241356687164,-147.00825662638724,217,579,994.8398061883055,1010.8398061883055,16.0,21.909565552220524,7.482742063215336,786.0782827138042,1941250,-0.6127606464360724,-8.949435413977465,7.730230661133108,16.372050839646565,18.105262074057205,0,0,0,0,0,18,18,1,1
104,1954,3,6,15,19787.625,28.174815092491066,-146.82500492929205,216,579,994.8115851786357,1008.8115851786357,14.0,20.833645495522564,7.183406993177269,640.0195581251917,1286875,-0.02822100966979633,-0.41409587811813403,5.9874163373577804,-5.316090975396131,8.00687065310456,0,0,0,0,0,14,14,1,1
104,1954,3,6,18,19787.75,28.104675091371988,-146.34019965531098,214,578,995.7112949123557,1011.7112949123557,16.0,20.186421219717776,6.78658717142971,813.5635313750363,2079375,0.8997097337199375,13.23197937050558,15.85049728255478,-2.5997374264283497,16.062281867488466,0,0,0,0,0,16,16,1,1
104,1954,3,6,21,19787.875,27.958527258341856,-146.15891600898792,213,578,996.0823844842852,1006.0823844842852,10.0,19.290991770274406,6.220514489049237,416.50796867546956,545000,0.37108957192947856,5.483802636103782,5.935047979456006,-5.416965857682269,8.035441096899424,0,0,0,0,0,19,19,1,1
104,1954,3,7,0,19788.0,27.799586285263754,-145.19490027699445,209,576,994.6743080550649,1008.6743080550649,14.0,17.39175095143849,5.2219600030135185,831.4621362728556,2171875,-1.4080764292202366,-20.917351456557864,31.607196256153248,-5.891143280744844,32.15152289284682,0,0,2,0,0,15,15,1,3
104,1954,3,7,3,19788.125,27.834553708572535,-144.1084930434111,205,573,995.4310630290129,1009.4310630290129,14.0,15.50687243778632,5.217736666642886,910.8211354961545,2606250,0.7567549739479728,11.228801451862466,35.60855505990743,1.2960666899231097,35.63213412524132,0,0,0,0,0,20,20,1,3
104,1954,3,7,6,19788.25,28.21290995156168,-143.06452155923978,202,569,996.4827527154785,1012.4827527154785,16.0,15.28417495088741,2.932627181254793,1043.6554229175254,3421875,1.0516896864655427,15.412649861441004,34.09761467981867,14.023764894896388,36.86886638724757,0,0,0,0,0,16,16,1,1
104,1954,3,7,9,19788.375,29.508140191492384,-141.94914308967526,201,562,996.8763393451062,1012.8763393451062,16.0,15.04252301716994,4.015663074049153,1060.5788798113842,3533750,0.3935866296278255,5.536216848412349,35.97875840581763,48.00767717230282,59.993400669608974,0,0,0,0,0,12,12,1,1
104,1954,3,7,12,19788.5,30.238483044822484,-140.58379770517791,198,556,993.8698007685051,1011.1788890025942,17.309088234089142,17.126750124517237,4.1986307967966425,993.8588257715859,3103125,-3.0065385766011605,-41.361987087949664,43.720547015515244,27.070140000472797,51.42255060750173,0,0,0,1,0,14,13,2,0
104,1954,3,7,15,19788.625,32.77706818912492,-142.30997338779417,210,553,993.022024628013,1011.022024628013,18.0,18.004922657426878,5.836929329810591,1036.57841456841,3375625,-0.8477761404920602,-10.849412588466082,-53.79327671704731,94.09259630055845,108.38419302894998,0,0,1,0,0,16,16,1,1
104,1954,3,7,18,19788.75,33.93415233249677,-140.24027774791895,206,544,995.405461610921,1011.405461610921,16.0,17.350729939608627,3.6491286838581436,982.4839590814424,3032500,2.3834369829078788,29.580365123994948,63.6463200762263,42.887295481271835,76.74747014034644,0,0,0,0,0,15,15,1,1
104,1954,3,7,21,19788.875,34.4890449526267,-140.11731484997264,207,542,997.1973725888366,1013.1973725888366,16.0,15.797759922805806,2.4523651287524264,1094.7313467157007,3765000,1.791910977915686,21.924508562432255,3.7565446473784974,20.56708139698487,20.907330410120494,0,0,0,0,0,18,18,1,2
104,1954,3,8,0,19789.0,35.042197881163126,-139.99208116609165,208,540,992.4198980564735,1000.4198980564735,8.0,18.32199459769574,4.630730991083983,456.39240985309783,654375,-4.777474532363121,-57.646275941674254,3.80036425691046,20.502599770610217,20.85184322401808,0,0,0,2,0,19,19,1,1
104,1954,3,8,3,19789.125,35.39966610869815,-140.02218193425523,209,539,994.0247405843716,1002.0247405843716,8.0,17.23006940922998,4.441875803324146,485.94870800589615,741875,1.6048425278981449,19.194075160436583,-0.9094289947512583,13.24955111283907,13.280725348723589,0,0,0,0,0,18,18,1,1
104,1954,3,8,6,19789.25,35.56217350795852,-140.21013068303728,210,539,995.8901624373374,1001.8901624373374,6.0,16.337052975963474,4.88892872223114,410.49396584912694,529375,1.8654218529658102,22.22202888312469,-5.6669918314883105,6.02333277998499,8.270147168980547,0,0,0,0,0,19,19,1,1
104,1954,3,8,9,19789.375,35.52856216593066,-140.55536714291804,211,540,996.4691212877691,1002.4691212877691,6.0,16.129748673250116,5.497763635655865,417.7003786980451,548125,0.5789588504316634,6.902571614010702,-10.413858595498068,-1.2458035704042647,10.488111240021293,0,0,0,0,0,22,22,1,1
104,1954,3,8,12,19789.5,36.306273892916685,-139.92409279233252,211,536,992.9292297312343,996.9292297312343,4.0,17.99059247517018,6.186993858387796,241.0218957450584,182500,-3.539891556534858,-41.42041735307184,18.85569529388041,28.825866144274595,34.44514195040137,0,0,0,0,0,23,23,1,1
104,1954,3,8,15,19789.625,35.95025168405874,-139.8941227444141,210,537,993.058912858786,997.058912858786,4.0,17.73744889995258,5.035796233010624,231.33492951703124,168125,0.12968312755183434,1.5303997896944979,0.8992542870897825,-13.19595446593084,13.226559361367165,0,0,0,0,0,18,18,1,1
104,1954,3,8,18,19789.75,35.29258731145201,-139.14711931057496,206,537,995.0635664414999,999.0635664414999,4.0,17.15831667467998,5.982276742831309,244.7080859684159,188125,2.0046535827137997,24.03911484562777,22.59895971511049,-24.376313889581677,33.24030172920516,0,0,0,0,0,15,15,1,1
104,1954,3,8,21,19789.875,36.493660949199814,-136.7623910236605,202,527,996.0871051716323,1000.0871051716323,4.0,15.108704128946183,3.010268459626459,261.22343281308076,214375,1.0235387301324226,11.92345849748996,71.05682610807679,44.51776501469345,83.85048561849196,0,0,0,0,0,13,13,1,1
104,1954,3,9,0,19790.0,38.292946392795955,-135.72752635135072,204,519,994.9697868995519,994.9697868995519,0.0,13.542326126286417,3.4028067152627774,14.104739588693906,625,-1.117318272080447,-12.491895659686024,30.104619998885294,66.69047097109815,73.1703974543269,0,0,0,0,0,14,14,1,1
104,1954,3,9,3,19790.125,38.292946392795955,-135.72752635135072,204,519,,,,13.542326126286417,,0.0,0,0.0,,0.0,0.0,0.0,0,3,0,0,0,14,14,0,0
105,1954,3,5,0,19786.0,47.986533010743784,14.37751144778831,405,182,987.0574202949168,987.0574202949168,0.0,7.83779837662049,12.064422725890617,14.104739588693906,625,,,,,,3,0,0,0,0,2,2,1,1
105,1954,3,5,3,19786.125,48.03386898974929,15.364933191520366,408,183,986.0974386253927,988.0974386253927,2.0,9.542890385346038,15.673078020598478,126.94265629824517,50625,-0.9599816695241316,-8.944974036956799,24.47310308445966,1.7545069043882953,24.535913862339328,0,0,0,0,0,2,2,1,1
105,1954,3,5,6,19786.25,48.03386898974929,15.364933191520366,408,183,985.9642511524684,987.9642511524684,2.0,10.54236601329917,10.867053514425352,221.22419623711556,153750,-0.13318747292432817,-1.2410221207104561,0.0,0.0,0.0,0,0,0,0,0,0,0,1,1
105,1954,3,5,9,19786.375,48.135259931691785,16.053135111118394,410,184,987.0534368626485,987.0534368626485,0.0,10.89536715815825,8.55939839361039,14.104739588693906,625,1.0891857101801725,10.13276900225111,17.02345389911432,3.758052783906191,17.433328522743313,0,0,0,0,0,0,0,1,1
105,1954,3,5,12,19786.5,50.43400649011402,16.96883212874845,410,194,985.9564353955948,987.9564353955948,2.0,11.56043740090737,7.935702891917244,195.44100476116796,120000,-1.0970014670537784,-9.859039509285868,21.6186914336093,85.20298497939774,87.90288088965622,0,0,0,0,0,1,1,1,1
105,1954,3,5,15,19786.625,52.847507677791725,17.32254920662422,408,204,985.9686998101226,987.9686998101226,2.0,12.070882086058191,3.1039438209364745,194.4204181260938,118750,0.01226441452789004,0.10660860236683672,7.917936051960795,89.45636250679232,89.80609391499877,0,0,0,0,0,1,1,1,1
105,1954,3,5,18,19786.75,53.821529147439456,17.407843688170008,407,208,986.9646120665269,988.9646120665269,2.0,12.716660303180399,4.247468477685179,177.29382747475822,98750,0.9959122564042627,8.548110576144916,1.8662042735382371,36.102081955901646,36.150284092123144,0,0,0,0,0,2,2,1,1
105,1954,3,5,21,19786.875,55.60664104167575,17.116659379551788,404,215,986.4155736002699,990.4155736002699,4.0,13.896090681186568,4.252980277850875,231.76452121391375,168750,-0.5490384662570432,-4.609727321826278,-6.096504872447898,66.1651287106448,66.44540336965359,0,0,0,0,0,4,4,1,1
105,1954,3,6,0,19787.0,56.573005936361504,17.20297142028228,403,219,983.9600939596586,989.9600939596586,6.0,17.405723221893545,8.98213871938009,240.1950600466464,181250,-2.4554796406113018,-20.38377429650684,1.7623304846442243,35.818291192153026,35.86162005073075,0,0,0,0,0,3,3,1,1
105,1954,3,6,3,19787.125,57.60544812738957,16.910808755724382,401,223,983.2527784022866,991.2527784022866,8.0,18.23897482549712,11.13398503867109,291.46003306679825,266875,-0.7073155573719123,-5.803586624947849,-5.801595527282673,38.267444565371015,38.70472612260588,0,0,0,0,0,4,4,1,1
105,1954,3,6,6,19787.25,58.49780687131895,17.390949945550698,401,227,984.155071632813,994.155071632813,10.0,17.791898267429513,9.330730587193685,388.0726283837936,473125,0.9022932305264112,7.331835604136973,9.299165700733472,33.075255023952664,34.35763346956836,0,0,0,0,0,3,3,1,1
105,1954,3,6,9,19787.375,60.341584277456036,18.019769281777148,400,235,985.6545115178411,993.6545115178411,8.0,16.05819951213034,6.918376081973983,344.0515788724086,371875,1.499439885028114,11.954583740233286,11.533000591176446,68.33956447476936,69.30588846005247,0,0,0,0,0,2,2,1,1
105,1954,3,6,12,19787.5,61.295090315707995,18.149186706045477,399,239,985.9790448791732,993.9790448791732,8.0,16.228662342760714,7.3109903586724245,338.80747144215917,360625,0.3245333613319963,2.5634708005621194,2.3039220038814867,35.34167799285678,35.41669465027399,0,0,0,0,0,3,3,1,1
105,1954,3,6,15,19787.625,62.246278742488926,18.28727961506189,398,243,987.5019874028862,993.5019874028862,6.0,15.099656384737923,7.488816076725708,289.4050600838035,263125,1.5229425237131364,11.922896372897833,2.3834998957863114,35.25577578035294,35.33625330489545,0,0,0,0,0,2,2,1,1
105,1954,3,6,18,19787.75,63.045889778635626,19.346741015164433,399,247,989.3984650559524,993.3984650559524,4.0,13.96156530062681,6.01060558898178,260.8423626863268,213750,1.8964776530661038,14.740438633222256,17.799481733414634,29.63756350283734,34.571761892661435,0,0,0,0,0,4,4,1,1
105,1954,3,6,21,19787.875,65.22844358549773,19.42555522789989,396,256,991.1795284178506,991.1795284178506,0.0,12.234324087985309,3.8675362795397814,14.104739588693906,625,1.7810633618982683,13.590049200749668,1.224006386414027,80.89630348394466,80.9055629051579,0,0,0,0,0,5,5,1,1
105,1954,3,7,0,19788.0,66.94949553718646,20.916803803342727,396,264,992.6441935329411,992.6441935329411,0.0,12.514872558440095,5.051565976363491,14.104739588693906,625,1.4646651150904655,11.027969827578692,21.641240404744714,63.790748506501465,67.36173157866173,0,0,0,0,0,3,3,1,1
105,1954,3,7,3,19788.125,66.94949553718646,20.916803803342727,396,264,,,,12.514872558440095,,0.0,0,0.0,,0.0,0.0,0.0,0,3,0,0,0,3,3,0,0
117,1954,3,6,3,19787.125,30.494382885995403,42.600742206747974,531,173,1001.3006465715558,1005.3006465715558,4.0,7.5458742471318985,4.127964882588567,802.9797402182952,2025625,,,,,,3,0,0,0,0,2,2,1,1
117,1954,3,6,6,19787.25,29.984254147994676,43.73049522324858,536,175,1002.6913047856608,1004.6913047856608,2.0,7.947438940847755,3.817712557360937,260.46073503106066,213125,1.3906582141049149,19.27870279375508,36.2697855481156,-18.90790920042409,40.90240059015824,0,0,0,0,0,2,2,1,1
117,1954,3,6,9,19787.375,29.44117305287967,44.213019556262886,539,175,1001.5884808824746,1005.5884808824746,4.0,8.52288387314783,3.680796999989761,621.7294974781563,1214375,-1.102823903186072,-15.544510027960566,15.575119201119133,-20.129287511119994,25.451376266017547,0,0,0,0,0,1,1,1,1
117,1954,3,6,12,19787.5,29.810032272529334,44.20867214938974,538,176,998.8491418416087,1002.8491418416087,4.0,9.071410802970233,2.7612618754441063,687.6693425344728,1485625,-2.7393390408660343,-38.176843634418496,-0.1398146895636563,13.671757957037732,13.672472848144272,0,0,0,0,0,1,1,1,1
117,1954,3,6,15,19787.625,30.18227282616857,44.52254622269042,538,178,997.9997498051682,1001.9997498051682,4.0,10.493949103158803,5.951659439461073,492.253390904939,761250,-0.849392036440404,-11.705084389119797,10.05655082024113,13.797087018681772,17.073190229162492,0,0,0,0,0,0,0,1,1
117,1954,3,6,18,19787.75,30.54564189280022,44.199831640666865,536,178,1000.7256955736515,1004.7256955736515,4.0,8.545762380320918,4.605241131293878,681.858766539816,1460625,2.725945768483216,37.1605529171386,-10.301455159347064,13.468265569669413,16.956242386070706,0,0,0,0,0,0,0,1,1
117,1954,3,6,21,19787.875,30.73553160470163,45.0,538,181,1000.4471952862436,1006.4471952862436,6.0,9.569492523625165,4.39890066413187,868.4442910035848,2369375,-0.27850028740780547,-3.7753805626544943,25.49223931707251,7.038257528477951,26.446007911139898,0,0,0,0,0,0,0,1,2
117,1954,3,7,0,19788.0,33.58066744441195,42.31360524563923,522,181,1001.0918745903072,1007.0918745903072,6.0,8.047980899725335,3.3846659723443007,949.9518552700692,2835000,0.6446793040634656,8.07518466803841,-82.95119335769859,105.45489033013143,134.17016946402933,0,0,1,0,0,0,0,1,1
117,1954,3,7,3,19788.125,35.360712230640154,41.887283379660545,516,185,1001.6187651551714,1005.6187651551714,4.0,8.848138521755969,5.111646945466927,669.0465435572892,1406250,0.5268905648642976,6.307699151119506,-12.886594781745567,65.97731647622463,67.22403301255298,0,0,0,0,0,1,1,1,2
117,1954,3,7,6,19788.25,35.69784394628493,41.52125485985504,514,185,1003.2940245084625,1005.2940245084625,2.0,8.133310373986584,4.438141879684626,369.1563625652894,428125,1.6752593532910396,19.890874694888,-11.017697287127028,12.495778796891587,16.659355967492008,0,0,0,0,0,0,0,1,1
117,1954,3,7,9,19788.375,35.69784394628493,41.52125485985504,514,185,,,,8.133310373986584,,0.0,0,0.0,,0.0,0.0,0.0,0,3,0,0,0,0,0,0,0
118,1954,3,6,3,19787.125,58.160155357681866,-68.46402240470746,229,308,989.9104531842905,991.9104531842905,2.0,13.28324207499934,3.7207885581492883,369.1563625652894,428125,-0.11713353047016425,-0.9552678479466722,20.551471304610136,9.95225659046456,22.83441227679528,2,0,0,2,0,10,10,1,3
118,1954,3,6,6,19787.25,55.707818424234866,-59.94872708078707,229,284,988.8376124894953,990.8376124894953,2.0,14.603543604446788,2.222290119177196,307.0819170546322,296250,-1.5806668691347294,-13.255277476973035,18.532712894174228,18.427677034117025,26.135047887685527,0,0,0,2,2,7,7,1,1
118,1954,3,6,9,19787.375,56.11358108681231,-59.56369259093639,231,284,987.5727325452541,991.5727325452541,4.0,15.76668715714575,2.926978392033998,428.51489541470346,576875,-1.2648799442412564,-10.556409958769855,7.956926100075343,15.039583166800107,17.014750506344704,0,0,0,0,0,5,5,1,1
118,1954,3,6,12,19787.5,56.02863331574293,-60.08863081273624,230,285,984.8219294525531,992.8219294525531,8.0,18.481405842344593,2.874003036684662,513.0326374980659,826875,-2.750803092700953,-22.98050641295127,-10.872028359002893,-3.14858705755969,11.31877206670386,0,0,0,0,0,5,5,1,1
118,1954,3,6,15,19787.625,56.46478445196131,-60.56820727807843,231,287,982.3885955661327,992.3885955661327,10.0,20.299577449259033,3.231875906593923,540.2317807152436,916875,-2.4333338864204417,-20.225186149705255,-9.820039023960382,16.165931199247943,18.914822176560975,0,0,0,0,0,4,4,1,1
118,1954,3,6,18,19787.75,56.57938146920255,-60.90755193052585,231,288,981.0791193787296,993.0791193787296,12.0,21.071233242787994,2.446343009880875,565.422401338897,1004375,-1.3094761874030518,-10.86961034719076,-6.92760857729464,4.247535641941721,8.12608882733702,0,0,0,0,0,6,6,1,1
118,1954,3,6,21,19787.875,56.915609749090244,-61.93908563104949,231,291,980.2062054872805,992.2062054872805,12.0,21.190159010587656,2.4897832126305004,525.4843729973693,867500,-0.8729138914491341,-7.217996980656352,-20.870612806941185,12.462292972646285,24.308254258036023,0,0,0,0,0,6,6,1,1
118,1954,3,7,0,19788.0,57.54324213497109,-64.95889021754607,230,299,979.1544800948649,993.1544800948649,14.0,22.127949846371596,7.209627980272053,532.8157559045794,891875,-1.051725392415683,-8.635453458170794,-60.06318593502106,23.26317903592315,64.41088264821657,0,0,0,0,0,4,4,1,1
118,1954,3,7,3,19788.125,57.805880309484266,-66.96056402009647,229,304,978.5971639208193,992.5971639208193,14.0,21.615263169019524,10.04168508563569,527.373930957046,873750,-0.5573161740455543,-4.562729124775283,-39.52726857097221,9.734677516351123,40.708339526798675,0,0,0,0,0,6,6,1,1
118,1954,3,7,6,19788.25,57.985894318645734,-67.70825019148816,229,306,978.5019696637704,994.5019696637704,16.0,21.582991786129778,10.366515105758662,687.958583069885,1486875,-0.09519425704886089,-0.7778175048333652,-14.691347054069954,6.672214847900731,16.135492841548935,0,0,0,0,0,5,5,1,1
118,1954,3,7,9,19788.375,58.0273085821069,-68.99169171390116,228,309,978.7909155650059,992.7909155650059,14.0,21.588640582673882,11.686521441075675,581.2111206029595,1061250,0.28894590123542,2.3598662919819002,-25.18903556019081,1.5350186625340903,25.235764199779744,0,0,0,0,0,3,3,1,1
118,1954,3,7,12,19788.5,58.857372332971245,-73.28077119077459,228,320,981.0465756985993,995.0465756985993,14.0,21.476922467712793,8.410939868774003,620.4482400680349,1209375,2.2556601335934827,18.259131251933965,-82.2028820279998,30.76629262922292,87.7717413286089,0,0,0,0,0,8,8,1,1
118,1954,3,7,15,19788.625,58.9474186080963,-75.40553365100085,227,325,981.5595326479217,995.5595326479217,14.0,21.898663164099784,9.185942645068426,635.6529019634453,1269375,0.5129569493223971,4.148352658262529,-40.62167248550469,3.3375629857152913,40.75855250377797,0,0,0,0,0,8,8,1,1
118,1954,3,7,18,19788.75,58.83532100788926,-76.31774183974312,226,327,983.4293016049127,995.4293016049127,12.0,21.27124453458214,9.293784288415917,567.1789212625002,1010625,1.8697689569908835,15.138938832027627,-17.49703053604898,-4.154894810683962,17.983582192301927,0,0,0,0,0,9,9,1,1
118,1954,3,7,21,19788.875,58.99338106175146,-77.53937446355862,226,330,983.9876002318001,995.9876002318001,12.0,21.942062744356004,10.854961716631587,557.8063407175069,977500,0.5582986268875538,4.512858669032966,-23.324971390530912,5.858492031547004,24.049453616512483,0,0,0,0,0,8,8,1,1
118,1954,3,8,0,19789.0,59.09061353162929,-78.36031128487022,226,332,986.0013494683419,998.0013494683419,12.0,21.840200722022114,11.31660599927891,558.8752775153366,981250,2.0137492365417713,16.261045189213437,-15.63021356892241,3.603919118511299,16.04031823945203,0,0,0,0,0,8,8,1,1
118,1954,3,8,3,19789.125,59.1812688240343,-79.18612248637504,226,334,985.8617949829621,997.8617949829621,12.0,22.424012729607863,10.987469124605195,476.43964736870475,713125,-0.13955448537977644,-1.1258387661977824,-15.681446425052462,3.3601361963057954,16.03740244676534,0,0,0,0,0,9,9,1,1
118,1954,3,8,6,19789.25,59.45295315188953,-79.5240083331057,227,335,987.566852919554,999.566852919554,12.0,21.54189588481557,10.81344467096962,477.6906945482662,716875,1.7050579365917655,13.716699573683513,-6.365125343194629,10.069972968779464,11.912983514910428,0,0,0,0,0,9,9,1,1
118,1954,3,8,9,19789.375,59.34264380602439,-80.85114701420616,226,338,988.6462575792649,1000.6462575792649,12.0,20.71343976934303,7.773902469684763,490.83683144743384,756875,1.0794046597109992,8.69339282517828,-25.081889272978724,-4.088613207227751,25.412948027733467,0,0,0,0,0,10,10,1,1
118,1954,3,8,12,19789.5,59.21554046127828,-82.16831046583891,225,341,990.2290047747147,1002.2290047747147,12.0,19.105043481876177,6.40182241528404,496.4788194007604,774375,1.582747195449774,12.764067296812781,-24.986474702255343,-4.711082365107268,25.426722460774826,0,0,0,0,0,8,8,1,1
118,1954,3,8,15,19789.625,59.2755981928567,-83.00609504584541,225,343,991.3368961770825,1003.3368961770825,12.0,17.78919211376209,5.679516940319008,522.6372270336906,858125,1.1078914023678226,8.929020988690603,-15.864881734727893,2.2260383524336738,16.020290858889187,0,0,0,0,0,8,8,1,1
118,1954,3,8,18,19789.75,59.32888015227508,-83.84689584880326,225,345,993.6712743121502,1005.6712743121502,12.0,15.427563889980933,4.427763952488167,575.1898277545226,1039375,2.3343781350676727,18.803473362013392,-15.89707834513077,1.974894523001858,16.01927926868773,0,0,0,0,0,9,9,1,1
118,1954,3,8,21,19789.875,59.37535470534424,-84.69036525654644,225,347,995.1702164136971,1005.1702164136971,10.0,13.474434136155638,3.546488206134163,524.5370414662,864375,1.4989421015468543,12.068213935564954,-15.925716773571631,1.7225781731212424,16.01860575438869,0,0,0,0,0,7,7,1,1
118,1954,3,9,0,19790.0,59.43224295808961,-85.9597959815958,225,350,997.3814352230276,1007.3814352230276,10.0,12.733499419314489,2.4305575494864753,546.6382767928291,938750,2.2112188093304574,17.7924144647228,-23.92796348558538,2.1085616969860626,24.020688353948227,0,0,0,0,0,6,6,1,1
118,1954,3,9,3,19790.125,58.99678811080977,-86.85504253530198,223,352,998.2945285152638,1008.2945285152638,10.0,12.06416642170553,3.0627851733125135,607.9780878707118,1161250,0.913093292236299,7.380483356141351,-17.09161028028126,-16.140123266766587,23.508013974800935,0,0,0,0,0,8,8,1,1
118,1954,3,9,6,19790.25,58.78617971884445,-87.70938995736148,222,354,999.5292526651124,1007.5292526651124,8.0,11.530588453425201,3.2353700536688854,479.14612114683666,721250,1.2347241498486254,10.00237012100663,-16.410454822128955,-7.806194898437096,18.172498624611883,0,0,0,0,0,7,7,1,1
118,1954,3,9,9,19790.375,58.78617971884445,-87.70938995736148,222,354,1000.834925770087,1006.834925770087,6.0,10.488643716853517,3.753452323459714,376.88962138737196,446250,1.3056731049745576,10.577120124037888,0.0,0.0,0.0,0,0,0,0,0,7,7,1,1
118,1954,3,9,12,19790.5,58.56841676531273,-88.55240031314354,221,356,1004.0853526611033,1008.0853526611033,4.0,8.469725981277826,3.134766154283206,316.3363249281201,314375,3.2504268910163954,26.39233819182924,-16.294141355107705,-8.071378547954131,18.18367933517871,0,0,0,0,0,10,10,1,1
118,1954,3,9,15,19790.625,58.1069577007866,-88.98060971854493,219,357,1004.8926388175486,1006.8926388175486,2.0,7.900271853709944,2.4299137120677914,197.9694540487982,123125,0.8072861564451886,6.587522237808454,-8.385496218201983,-17.103968943149873,19.04894486405258,0,0,0,0,0,6,6,1,1
118,1954,3,9,18,19790.75,58.1069577007866,-88.98060971854493,219,357,,,,7.900271853709944,,0.0,0,0.0,,0.0,0.0,0.0,0,3,0,0,0,6,6,0,0
139,1954,3,7,3,19788.125,71.23598608391549,25.18284748038102,395,284,992.481190266186,994.481190266186,2.0,17.547726923208685,1.603208582029765,283.50175706934715,252500,,,,,,3,0,0,0,0,5,5,1,1
139,1954,3,7,6,19788.25,72.53412054208248,29.699154427550013,398,292,991.0063113369595,995.0063113369595,4.0,21.637183189160478,3.683166062540623,332.88380724771235,348125,-1.4748789292265427,-10.712134757869029,50.23027287734615,48.11532195021746,69.55691568568675,0,0,0,0,0,4,4,1,1
139,1954,3,7,9,19788.375,73.31522439590972,31.228400282917583,398,296,990.4049673408215,996.4049673408215,6.0,23.147449345583457,3.8274172456645466,365.63663957157263,420000,-0.6013439961380209,-4.3493460284432555,16.27314416484282,28.95159524270088,33.21159568745437,0,0,0,0,0,2,2,1,1
139,1954,3,7,12,19788.5,74.14631892057454,34.02775976218836,399,301,990.9648759254309,998.9648759254309,8.0,23.709779118895888,3.8909467270731692,427.11983508037304,573125,0.5599085846093658,4.032548660311721,28.342223910290535,30.80449823493307,41.8592733774374,0,0,0,0,0,6,6,1,1
139,1954,3,7,15,19788.625,74.61770912954029,37.288107587341116,401,305,991.3995554214264,999.3995554214264,8.0,24.049403107842824,5.7295224971094285,386.01659999252234,468125,0.43467949599551503,3.1234374222447445,32.051020733885125,17.4720665689698,36.50398663535869,0,0,0,0,0,6,6,1,1
139,1954,3,7,18,19788.75,75.00858462379178,39.53090502988807,402,308,991.2674074609059,999.2674074609059,8.0,24.17176135253311,6.891595021076647,353.74506923207105,393125,-0.13214796052037855,-0.947806920007359,21.502116451638475,14.487790636816346,25.927535352131823,0,0,0,0,0,8,8,1,1
139,1954,3,7,21,19788.875,75.55278290570003,43.74095479282473,404,313,991.5124198926235,1001.5124198926235,10.0,24.271978658049637,8.198866555371643,416.7467236212311,545625,0.24501243171747775,1.7529271796605244,38.92324069184198,20.17069601229468,43.83920213205829,0,0,0,0,0,7,7,1,1
139,1954,3,8,0,19789.0,76.02690341992721,46.952509049399616,405,317,993.0971140585842,1001.0971140585842,8.0,23.825780058722188,10.861413226338627,325.3275843762874,332500,1.5846941659608274,11.313869525686162,28.73967826871349,17.57326526672363,33.68662581980863,0,0,0,0,0,7,7,1,1
139,1954,3,8,3,19789.125,75.9907097502124,49.54804240912542,407,319,993.7984061445028,1001.7984061445028,8.0,23.608066782241316,10.474627827162548,320.39809346229345,322500,0.7012920859185396,5.00763886682662,23.286964839270595,-1.3415174829782612,23.325573960410093,0,0,0,0,0,7,7,1,1
139,1954,3,8,6,19789.25,76.51356463420271,53.79741070999107,408,324,994.2421073944338,1004.2421073944338,10.0,23.666543029884558,9.930707653844292,406.1087413230311,518125,0.4437012499310367,3.161222639125995,36.72406309954385,19.379603490350064,41.52379850137107,0,0,0,0,0,8,8,1,1
139,1954,3,8,9,19789.375,76.83626764804205,57.52880770915151,409,328,994.1530016409328,1006.1530016409328,12.0,24.292180678601305,11.045190749267276,513.2264907592814,827500,-0.08910575350106228,-0.6340022878408618,31.491354702107564,11.960979317281536,33.686354020617735,0,0,0,0,0,9,9,1,1
139,1954,3,8,12,19789.5,76.77110955347568,67.56700907787462,414,337,997.3997839903777,1009.3997839903777,12.0,23.996787379810275,13.896959370962286,589.5376213414429,1091875,3.246782349444984,23.107558523078538,85.04099208681548,-2.4150831818685767,85.07527820633418,0,0,0,0,0,7,7,1,1
139,1954,3,8,15,19789.625,76.64551634457239,68.82426058289543,415,338,997.8158893001008,1011.8158893001008,14.0,23.09672079711044,10.837238745593423,816.7362825501916,2095625,0.41610530972306153,2.9629821540195627,10.763231934687589,-4.655109217019275,11.726772936415907,0,0,0,0,0,7,7,1,1
139,1954,3,8,18,19789.75,77.44162240173881,72.85965069524227,413,343,997.1225913119497,1007.1225913119497,10.0,21.96864168002509,2.8893997525204758,530.5707357118274,884375,-0.693297988151171,-4.921045502008508,32.51558977209823,29.507651542636424,43.90859913261903,0,0,0,0,0,8,8,1,1
139,1954,3,8,21,19789.875,77.18269138094428,81.44444175658711,416,351,996.2736696860472,1008.2736696860472,12.0,23.632950238519015,3.996582160992911,578.4663065820774,1051250,-0.8489216259024397,-6.031799631743257,70.52660152431233,-9.597271954415923,71.17660536676466,0,0,0,0,0,8,8,1,1
139,1954,3,9,0,19790.0,76.99084347904011,82.5685920288275,417,352,995.2779925548581,1007.2779925548581,12.0,24.174844437332368,3.3226537952994106,538.7567423836514,911875,-0.9956771311891498,-7.079967229177999,9.379291327403674,-7.110837793049271,11.770094303928394,0,0,0,0,0,7,7,1,1
139,1954,3,9,3,19790.125,76.81707071097348,84.6290053044643,418,354,995.5082857099947,1007.5082857099947,12.0,23.41558982891467,3.8587693626408153,528.6926033198698,878125,0.2302931551366055,1.638702686022694,17.415923196379943,-6.440883399329986,18.568773781431275,0,0,0,0,0,9,9,1,1
139,1954,3,9,6,19790.25,76.62658796658657,86.63353933657021,419,356,995.8471189697343,1007.8471189697343,12.0,22.035573987462154,3.9476951900646235,541.5191433798228,921250,0.33883325973962203,2.4129365230290265,17.184036298864505,-7.0602382630523755,18.577891910864423,0,0,0,0,0,8,8,1,1
139,1954,3,9,9,19790.375,76.64551634457239,88.55587446906415,419,358,996.0431820898702,1006.0431820898702,10.0,20.66268943400756,3.9056268824722786,465.8836267154838,681875,0.19606312013595015,1.396116589838405,16.45654277068819,0.7015798672111305,16.471490954785054,0,0,0,0,0,8,8,1,1
139,1954,3,9,12,19790.5,76.19459014797918,91.39718102729638,421,361,999.4799307670182,1005.4799307670182,6.0,17.326447347440713,3.0056037129426842,362.35732095655754,412500,3.436748677147989,24.518798382732967,25.127892163369886,-16.713568450763457,30.17870664777239,0,0,0,0,0,11,11,1,1
139,1954,3,9,15,19790.625,76.17626688422071,93.25722194066697,421,363,1001.0405534342269,1005.0405534342269,4.0,14.769811407342113,3.1760088776725026,326.8528041036741,335625,1.5606226672086632,11.134826911650903,16.472111698768487,-0.6791513231707467,16.48610658513617,0,0,0,0,0,7,7,1,1
139,1954,3,9,18,19790.75,76.47983822555588,99.07149757717717,419,369,1002.3781536936398,1008.3781536936398,6.0,13.293948540200303,3.112002562529233,645.2822017258583,1308125,1.3376002594128658,9.531300572550267,50.36217366458043,11.251864343717854,51.603807877237,0,0,2,0,0,10,10,1,2
139,1954,3,9,21,19790.875,76.44246086783834,100.00797980144135,419,370,1002.7912327292412,1008.7912327292412,6.0,11.710028456344109,3.903327670177896,689.1143311892757,1491875,0.413079035601404,2.943928084808866,8.13685512717422,-1.3853908498564145,8.253951730382681,0,0,0,0,0,7,7,1,2
139,1954,3,10,0,19791.0,75.43052158897677,111.2276511886353,420,383,1003.8660353140227,1007.8043554317113,3.9383201176885634,12.338499793995052,6.439354504041766,636.4348593288032,1272500,1.0748025847815734,7.693859795854759,104.45384833362888,-37.50750462725314,110.98386970667477,0,0,0,0,0,10,9,2,0
139,1954,3,10,3,19791.125,76.09956739979553,116.35820810630068,415,387,1004.3211095060859,1007.9616482390555,3.6405387329695804,10.727819411747543,2.938268366848206,610.5902506532223,1171250,0.45507419206318445,3.2479641981217764,45.669729858916334,24.79816661861399,51.96800258842873,0,0,0,0,0,11,10,2,0
139,1954,3,10,6,19791.25,75.89344071290942,117.9920530445927,415,389,1004.2019730569543,1007.9796122170426,3.7776391600882926,10.388088334996166,2.9656742003493854,598.247171558629,1124375,-0.11913644913161989,-0.8510661817043325,14.759194312854314,-7.640080609262387,16.619405780009654,0,0,0,0,0,10,9,2,0
139,1954,3,10,9,19791.375,75.78612772046523,118.79097507219203,415,390,1004.3960208684844,1008.1887297530344,3.792708884550084,9.824090781270206,2.630063505765138,596.582133062373,1118125,0.1940478115300357,1.386860109351259,7.270943489644539,-3.977553440946589,8.287795280120664,0,0,0,0,0,8,7,2,0
139,1954,3,10,12,19791.5,75.44792605577237,121.11533231474182,415,393,1005.4782151464675,1005.4782151464675,0.0,8.957819185627127,2.7785779764840117,14.104739588693906,625,1.082194277983217,7.746161225456713,21.645206163288297,-12.53543643219698,25.01303892766541,0,0,0,2,0,10,10,1,1
139,1954,3,10,15,19791.625,75.01873777529913,122.14190982700183,416,395,1005.2631951218748,1005.2631951218748,0.0,9.282158414971699,2.846459037445675,14.104739588693906,625,-0.21502002459281358,-1.5421183887786922,9.835939854790285,-15.907853121308714,18.703088080747072,0,0,0,0,0,11,11,1,1
139,1954,3,10,18,19791.75,74.58474906697153,123.11134196037203,417,397,1005.9269365441994,1005.9269365441994,0.0,8.669631323417377,3.2325694475440834,14.104739588693906,625,0.6637414223246743,4.7701428600106786,9.551071372801214,-16.085780862351804,18.707627062777,0,0,0,0,0,13,13,1,1
139,1954,3,10,21,19791.875,74.14631892057454,124.02775976218837,418,399,1006.156598230868,1008.156598230868,2.0,8.5117895031161,3.5375368979455377,198.47127856504602,123750,0.22966168666855083,1.654059166723309,9.27907019084191,-16.25040265579156,18.71300964788744,0,0,0,0,0,12,12,1,1
139,1954,3,11,0,19792.0,74.14631892057454,124.02775976218837,418,399,,,,8.5117895031161,,0.0,0,0.0,,0.0,0.0,0.0,0,3,0,0,0,12,12,0,0
146,1954,3,7,12,19788.5,28.811150851873812,-73.79713074585203,110,287,1008.1820688403011,1014.1820688403011,6.0,10.057352276146739,9.957996910663642,506.9864229872541,807500,,,,,,3,0,0,0,0,5,5,1,1
146,1954,3,7,15,19788.625,29.44117305287967,-71.77621402757013,115,279,1008.0087447217477,1014.0087447217477,6.0,10.427599179751436,12.246367551115837,455.3013434827462,651250,-0.17332411855342797,-2.4430360016295425,65.23121190710454,23.35175747509653,69.28503145734513,0,0,0,0,0,5,5,1,1
146,1954,3,7,18,19788.75,30.318253426568205,-69.85310911646496,121,272,1005.4516000473569,1013.4516000473569,8.0,10.59478772269448,13.585345695435972,615.2965308530888,1189375,-2.557144674390729,-35.09573020938726,61.53049742194016,32.50896260455968,69.59047896527258,0,0,0,0,0,6,6,1,1
146,1954,3,7,21,19788.875,31.49570163624831,-67.49495609967981,129,264,1003.6348111029943,1011.6348111029943,8.0,10.811335381944168,11.559594396158646,502.45350877421384,793125,-1.8167889443626337,-24.09312685113568,74.52690458099454,43.642089101048725,86.36487392180076,0,0,0,0,0,5,5,1,1
146,1954,3,8,0,19789.0,32.64068542195066,-65.78824568903032,136,259,1002.125395855755,1010.125395855755,8.0,12.32143905596105,16.43777271492603,402.9119531035698,510000,-1.5094152472393763,-19.388467101970125,53.268059530864505,42.43879602012724,68.10681003997833,0,0,0,0,0,6,6,1,1
146,1954,3,8,3,19789.125,33.610334975985744,-63.27564678805231,144,251,1001.9649563276122,1007.9649563276122,6.0,12.593507820190817,17.222183262707404,307.4056724603709,296875,-0.16043952814274234,-2.008082665498751,77.55826741770856,35.940037010620074,85.48082302576137,0,0,0,0,0,5,5,1,1
146,1954,3,8,6,19789.25,35.21155955832856,-59.998053061464034,156,242,1000.5331896472754,1006.5331896472754,6.0,12.810138760923019,10.516231195521687,354.3070156851716,394375,-1.431766680336732,-17.203640836160638,99.25134420870714,59.34934999169138,115.64244321040412,0,0,0,0,0,5,5,1,1
146,1954,3,8,9,19789.375,36.798155995756545,-57.317456027060175,167,236,997.2644231025054,1005.2644231025054,8.0,14.959669739850032,18.421944003478202,377.4171088692805,447500,-3.268766544770042,-37.807614476018216,79.55698876297768,58.807158158107484,98.9322814437493,0,0,0,0,0,4,4,1,1
146,1954,3,8,12,19789.5,38.1201552906575,-55.207542662770614,176,232,994.8266243459118,998.8266243459118,4.0,17.47748259502778,27.18010778040691,97.72050238058398,30000,-2.4377987565935473,-27.359823086539777,61.52307426540022,48.99987154022346,78.65161204974983,0,0,0,3,0,2,2,1,1
146,1954,3,8,15,19789.625,39.20515303769626,-52.790149641629576,185,227,994.2759975357194,1002.2759975357194,8.0,17.167361576483874,19.288651585539046,358.21595842150947,403125,-0.5506268101924797,-6.035216738545426,69.42835015200382,40.21541496382894,80.23450258799019,0,0,0,0,0,1,1,1,1
146,1954,3,8,18,19789.75,40.40519572261886,-49.7322381424797,196,221,992.6961724797702,999.8890598267708,7.192887347000651,17.274766286687523,12.429692742919942,328.37093955580036,338750,-1.5798250559491862,-16.886046800009353,86.30286316732962,44.47955277343593,97.09075551155058,0,0,0,1,0,1,2,2,0
146,1954,3,8,21,19789.875,40.10842504385485,-48.951654481382306,197,218,990.6846033414057,1000.6846033414057,10.0,20.066668985424528,17.35541398353489,371.573563554001,433750,-2.01156913836443,-21.632689928452372,22.128134804900043,-10.999797951806615,24.711331508528588,0,0,1,0,0,2,2,1,1
146,1954,3,9,0,19790.0,41.44190824052082,-46.54294757081982,207,215,987.1726706338828,999.1726706338828,12.0,22.183306324200803,16.063325616708827,385.50087952176875,466875,-3.5119327075229374,-36.76211096752946,66.92355139091757,49.42552207834104,83.19641797270698,0,0,0,0,0,2,2,1,1
146,1954,3,9,3,19790.125,42.486836806400724,-43.42525493424683,218,210,984.122142363373,998.122142363373,14.0,23.820171349758866,20.947889530128887,414.35298340953466,539375,-3.0505282705098216,-31.291129325198952,85.21084245187622,38.730251743940045,93.5997867065275,0,0,0,0,0,2,2,1,1
146,1954,3,9,6,19790.25,43.74517960298846,-40.554851170026744,229,207,982.0108539614469,996.0108539614469,14.0,24.128189838844975,24.960817295307134,384.98446819881906,465625,-2.11128840192614,-21.154656017152337,76.85569209566451,46.64044498676081,89.90065915257046,0,0,0,0,0,2,2,1,1
146,1954,3,9,9,19790.375,44.86847046428713,-37.54187240717684,240,204,980.3422504824376,996.3422504824376,16.0,24.488265770222103,20.089189747449783,438.6097781198323,604375,-1.66860347900918,-16.386568963216927,79.14337620499651,41.63474830753617,89.42665298308718,0,0,0,0,0,1,1,1,1
146,1954,3,9,12,19790.5,45.49161424468531,-35.53767779197438,247,202,978.6540468206346,994.6540468206346,16.0,25.8116986737811,12.24947930801347,465.2426491681278,680000,-1.688203661803127,-16.400831814177323,52.073745999449805,23.09680898346301,56.966109289943546,0,0,0,0,0,3,3,1,1
146,1954,3,9,15,19790.625,46.52303044749913,-33.144409932564066,256,201,976.2177064938477,992.2177064938477,16.0,26.16343251862222,16.849284405507277,394.17637320552694,488125,-2.436340326786885,-23.26112812990739,61.03326077458376,38.2294163372976,72.01768667673784,0,0,0,0,0,1,1,1,1
146,1954,3,9,18,19790.75,47.55068734130863,-31.069958040685012,264,201,974.8815506178527,990.8815506178527,16.0,26.296997805867875,23.146020643196753,369.4257214939158,428750,-1.3361558759950276,-12.545706268043139,51.89408497514269,38.09007764097395,64.37274322337642,0,0,0,0,0,2,2,1,1
146,1954,3,9,21,19790.875,48.396893243566325,-29.177227303003384,271,201,973.7208636713453,989.7208636713453,16.0,26.845816178565077,24.429309751145993,361.25759969217836,410000,-1.1606869465073395,-10.754055558332881,46.57875203835773,31.364601075912375,56.15441516124923,0,0,0,0,0,0,0,1,1
146,1954,3,10,0,19791.0,49.19126382267927,-27.212027461547546,278,201,967.9333489310267,987.9333489310267,20.0,31.68799038025332,16.985413551140592,386.01659999252234,468125,-5.787514740318584,-52.975718236131335,47.60228172345792,29.44332609101962,55.972195566920306,0,0,0,0,0,1,1,1,1
146,1954,3,10,3,19791.125,50.37055771936648,-26.19540611523097,283,204,966.871701232655,984.871701232655,18.0,31.67871593996069,25.051979288293957,325.0216815494707,331875,-1.0616476983716712,-9.550050138408693,24.033531490262728,43.71049944483672,49.88204484191202,0,0,0,0,0,1,1,1,1
146,1954,3,10,6,19791.25,51.53152341214128,-25.119647635357353,288,207,963.86471124042,983.86471124042,20.0,34.28071396407433,30.496326689341075,333.7790589062273,350000,-3.0069899922350305,-26.608370216358956,24.804106653581197,43.03116501498125,49.668147433025695,0,0,0,0,0,0,0,1,1
146,1954,3,10,9,19791.375,52.69355674745572,-24.762905723937145,291,211,960.4213149684379,1004.4213149684379,44.0,38.0338872986757,34.80026965120109,1295.2575202898618,5270625,-3.443396271982201,-29.99294612512913,8.013935136328932,43.07073715960698,43.809948137851485,0,0,0,0,0,0,0,1,1
146,1954,3,10,12,19791.5,54.25834290048021,-23.869807432133598,296,216,976.0754788142364,1006.0754788142364,30.0,22.696684063499106,20.62351840267438,1337.870053012335,5623125,15.654163845798612,133.6216592173018,19.336180697275317,57.998760499993224,61.13709269742271,0,0,0,1,0,1,1,1,3
146,1954,3,10,15,19791.625,55.6206347709874,-23.596817147206274,299,221,973.779863279295,1007.779863279295,34.0,25.69753133307358,20.03413178407842,1420.4530231751783,6338750,-2.295615534941462,-19.27076821361404,5.71353899973801,50.493314869841726,50.81554264638435,0,0,0,0,0,1,1,1,2
146,1954,3,10,18,19791.75,57.097781052571435,-23.821910758038715,301,227,973.7101195754706,1007.7101195754706,34.0,27.059404760170278,15.05271709920453,1413.8550439257222,6280000,-0.06974370382435154,-0.5755112299864229,-4.532022109300985,54.7503908080066,54.937642086538865,0,0,0,0,0,1,1,1,1
146,1954,3,10,21,19791.875,58.47262319112749,-24.443954780416536,302,233,974.5146434763057,990.5146434763057,16.0,28.80942624901464,11.010508106500565,657.3474503597743,1357500,0.8045239008350472,6.53914571165164,-12.056099938232203,50.958490248196135,52.36522962898323,0,0,0,0,0,1,1,1,1
146,1954,3,11,0,19792.0,59.20525538421019,-24.583615148576047,303,236,976.5618734864297,1010.5618734864297,34.0,28.124020566321466,7.654390504473195,1521.7438752914622,7275000,2.0472300101240397,16.511655765292712,-2.6501857163866958,27.154994322424418,27.28400998721124,0,0,2,0,0,1,1,1,2
146,1954,3,11,3,19792.125,60.05562383577845,-26.274212154727437,301,241,976.9831041499551,1008.9831041499551,32.0,26.61169851664233,6.717449202374556,1450.9383204492347,6613750,0.4212306635254936,3.367959145589357,-31.27741835700957,31.518885864326595,44.4040208225319,0,0,0,0,0,2,2,1,2
146,1954,3,11,6,19792.25,60.671220483933695,-27.85126880918809,299,245,979.3401120641654,991.3401120641654,12.0,24.57928541430638,7.196962904208047,524.9161792399276,865625,2.3570079142102625,18.730663617052336,-28.631063897583047,22.817074711419448,36.6108825118158,0,0,0,2,0,4,4,1,1
146,1954,3,11,9,19792.375,60.94639338452072,-29.661803859494647,296,248,981.7821885054896,993.7821885054896,12.0,23.57979688699745,8.261666817817822,543.1698406176479,926875,2.4420764413241702,19.35468446614979,-32.58819515020671,10.199276831781507,34.146972208956846,0,0,0,0,0,3,3,1,1
146,1954,3,11,12,19792.5,59.707683889362805,-29.346077207205393,294,243,975.8014782132271,993.8014782132271,18.0,30.917463146389284,4.858681313660127,507.9664865793169,810625,-5.98071029226252,-47.98765731344106,5.902823757781278,-45.91273714933403,46.29063361911634,0,0,0,0,0,2,2,1,1
146,1954,3,11,15,19792.625,59.838392858952155,-31.480585885870614,290,246,977.9126187995603,995.9126187995603,18.0,29.232128879385517,8.223533287541649,508.1622724746498,811250,2.111140586333204,16.916740192873537,-39.74913468385007,4.844724761757945,40.04328990145594,0,0,0,0,0,2,2,1,1
146,1954,3,11,18,19792.75,59.71638203698107,-31.846291805523105,289,246,978.9041678356515,996.9041678356515,18.0,28.441556717464294,7.953580141378333,486.76680405308986,744375,0.9915490360911644,7.955225077895614,-6.835456763349123,-4.522328132972577,8.196030801912014,0,0,0,0,0,2,2,1,1
146,1954,3,11,21,19792.875,59.39603037031302,-31.982887810922502,288,245,980.9903006662811,998.9903006662811,18.0,26.438406904688186,10.135293818213322,511.67360825644295,822500,2.086132830629649,16.792190951176227,-2.5775413021044447,-11.873826691871827,12.15036952000482,0,0,0,0,0,2,2,1,1
146,1954,3,12,0,19793.0,59.00019549463004,-31.538851692577026,288,243,979.8949322266958,997.8949322266958,18.0,25.903136700818834,10.325913724726561,502.65144201363216,793750,-1.0953684395852905,-8.853487057742747,8.476529675712378,-14.671609988308882,16.944252565170217,0,0,0,0,0,3,3,1,1
146,1954,3,12,3,19793.125,59.518618708798776,-31.621459804928485,289,245,981.450039047186,997.450039047186,16.0,23.95124083261744,7.796427718420746,479.3536784973324,721875,1.5551068204901821,12.501938460408672,-1.5531578182477237,19.215343756776285,19.278011694660456,0,0,0,0,0,3,3,1,1
146,1954,3,12,6,19793.25,60.036296024935844,-31.706850785916174,290,247,981.917922229223,995.917922229223,14.0,21.746022473280608,8.801912895413626,441.0974018624935,611250,0.46788318203703966,3.7416977081079734,-1.580770511909375,19.18769706447101,19.252702512874176,0,0,0,0,0,1,1,1,1
146,1954,3,12,9,19793.375,60.50153183147087,-32.77487732426424,289,250,982.9887486589608,994.9887486589608,12.0,19.69318565867664,8.248915270510624,400.68385148886324,504375,1.07082642973779,8.523860932457705,-19.492130009528562,17.243953793361495,26.024931791187278,0,0,0,0,0,3,3,1,1
146,1954,3,12,12,19793.5,60.89044899621378,-33.25742153496045,289,252,980.5989463532457,992.5989463532457,12.0,20.295972259587906,10.173914527025918,364.54681109801606,417500,-2.3898023057151296,-18.95067408437655,-8.700931633305126,14.41520520146568,16.83758748419182,0,0,0,0,0,3,3,1,1
146,1954,3,12,15,19793.625,61.14751710382064,-34.126479604744944,288,254,980.8373832025197,990.8373832025197,10.0,19.578067457878326,9.852386704758755,304.15261082582236,290625,0.2384368492740032,1.886065660255782,-15.543799732398348,9.528223122667256,18.23175104032078,0,0,0,0,0,3,3,1,1
146,1954,3,12,18,19793.75,61.52970966617988,-34.63754090156814,288,256,981.5631699555748,991.5631699555748,10.0,19.11334217690557,9.097626935205408,308.05216249613085,298125,0.7257867530551448,5.7201702554249,-9.029911309045698,14.16595797854367,16.799216163235013,0,0,0,0,0,4,4,1,1
146,1954,3,12,21,19793.875,61.71979106251975,-34.8981235610295,288,257,983.1776907268785,993.1776907268785,10.0,17.743585839587322,8.047175588473547,318.2174296644016,318125,1.6145207713036507,12.701801595737372,-4.576035374559054,7.045362307502124,8.401025520327115,0,0,0,0,0,6,6,1,1
146,1954,3,13,0,19794.0,61.71979106251975,-34.8981235610295,288,257,985.763609263391,993.763609263391,8.0,15.116929430490536,7.323163746914142,290.7766557300799,265625,2.585918536512472,20.344008437252555,0.0,0.0,0.0,0,0,0,0,0,6,6,1,1
146,1954,3,13,3,19794.125,62.1729243666551,-34.40057628356654,290,258,987.0290500128125,993.0290500128125,6.0,14.41273689790318,7.168733138483657,243.89374731754785,186875,1.2654407494215412,9.913639147731727,8.608592225002138,16.795374837845863,18.873062179734195,0,0,0,0,0,6,6,1,1
146,1954,3,13,6,19794.25,62.43139330916921,-33.624884642254514,292,258,989.8469664299416,995.8469664299416,6.0,12.420912140201665,7.374261101208976,281.03494535262524,248125,2.817916417129163,22.023731724764126,13.306178122243997,9.58014503425091,16.396144519312067,0,0,0,0,0,6,6,1,1
146,1954,3,13,9,19794.375,62.87808115380062,-33.09394797805481,294,259,993.2693294820492,995.2693294820492,2.0,9.880655114188635,6.325377839707799,136.75052399642826,58750,3.4223630521075394,26.640226916822684,8.97141437597288,16.556474038935253,18.83090832932256,0,0,0,0,0,6,6,1,1
146,1954,3,13,12,19794.5,62.87808115380062,-33.09394797805481,294,259,,,,9.880655114188635,,0.0,0,0.0,,0.0,0.0,0.0,0,3,0,0,0,6,6,0,0
148,1954,3,7,15,19788.625,43.881846729361676,-46.21456954794371,215,221,995.0597216021018,1003.0597216021018,8.0,16.606507887336818,16.62161609312323,295.5271138519739,274375,,,,,,3,0,0,0,0,2,2,1,1
148,1954,3,7,18,19788.75,45.42886987359997,-43.536557536745384,226,219,990.3106383722875,1000.3106383722875,10.0,19.644879685926057,34.228937877469576,270.5758189903005,230000,-4.7490832298142776,-46.18690194121004,69.65718888544559,57.340375013670446,90.22218446774056,0,0,0,0,0,1,1,1,1
148,1954,3,7,21,19788.875,46.199141202542016,-41.17178853152498,234,216,985.2044422398783,999.2044422398783,14.0,24.525987027894338,52.21286471787076,290.09166854606434,264375,-5.106196132409241,-49.01527082122374,60.665127070925614,28.550087972705942,67.04748441053401,0,0,0,0,0,2,2,1,1
148,1954,3,8,0,19789.0,47.036997874066415,-38.49248688719225,243,213,985.3196074493769,997.3196074493769,12.0,23.535145801617386,24.748723512130308,310.9447345242019,303750,0.11516520949866389,1.0903178255511208,67.67784741142697,31.05513704293648,74.46282674596739,0,0,0,0,0,2,2,1,1
148,1954,3,8,3,19789.125,47.87493726897041,-36.58919111897731,250,212,982.519511890602,996.519511890602,14.0,24.51067874872388,16.242636838853795,407.8197095911754,522500,-2.8000955587749194,-26.156247326413812,47.31735046901093,31.05820318297861,56.59985548004864,0,0,0,0,0,2,2,1,1
148,1954,3,8,6,19789.25,48.26326848465101,-34.25733393583772,257,209,980.5624750416109,996.5624750416109,16.0,25.182040136393653,12.56268118280037,538.7567423836514,911875,-1.9570368489911198,-18.170113895570072,57.535159709931335,14.393487013798858,59.30823780271761,0,0,0,0,0,2,2,1,1
148,1954,3,8,9,19789.375,48.57737358244138,-31.88780188484623,264,206,979.678255662237,995.678255662237,16.0,25.849292607087854,13.911762727537209,501.85924066706633,791250,-0.8842193793738261,-8.169704262532862,58.10448736946736,11.642297769160896,59.259383643558095,0,0,0,0,0,1,1,1,1
148,1954,3,8,12,19789.5,48.57737358244138,-30.039711179300816,269,203,978.5112192373315,998.5112192373315,20.0,26.590252530252023,10.392966257809821,733.175163445187,1688750,-1.1670364249055274,-10.782779339029748,45.318673209185754,0.0,45.318673209185754,0,0,0,0,0,0,0,1,1
148,1954,3,8,15,19789.625,48.418093337755444,-28.471851276885516,273,200,978.924956965701,996.924956965701,18.0,25.38506037430244,6.594358706667991,666.9618174542285,1397500,0.4137377283694514,3.8321250102336335,38.568139166900764,-5.903718374593572,39.0173711242049,0,0,0,0,0,0,0,1,1
148,1954,3,8,18,19789.75,47.89854946832474,-25.657885656728567,280,194,980.3460522488352,996.3460522488352,16.0,23.683990222458597,9.473042409729388,639.8641192502521,1286250,1.4210952831342,13.269788067521452,69.9232959199738,-19.256880816659024,72.52651081569576,0,0,0,0,0,0,0,1,1
148,1954,3,8,21,19789.875,47.49597034719548,-23.036164926041305,287,189,981.6071214963232,995.6071214963232,14.0,23.46637819602579,11.288166965536293,538.941342951818,912500,1.261069247488049,11.851045351237765,65.65173811924839,-14.921585280866458,67.32610508096056,0,0,0,0,0,1,1,1,1
148,1954,3,9,0,19790.0,47.05507506255227,-21.147441396118687,292,185,982.6482341987889,998.6482341987889,16.0,23.085675221520777,9.967262666061725,713.6496464611084,1600000,1.0411127024657616,9.853760120988504,47.69323677106277,-16.341772944611083,50.415259363350266,0,0,0,0,0,1,1,1,1
148,1954,3,9,3,19790.125,46.56525035529156,-19.29719478802414,297,181,985.2834763266862,997.2834763266862,12.0,20.49208663163968,7.472520255919952,499.674210836832,784375,2.635242127897218,25.142596384103793,47.149143099383586,-18.155340797515812,50.52383689388696,0,0,0,0,0,1,1,1,1
148,1954,3,9,6,19790.25,45.95429149666103,-17.773145819866674,301,177,987.6767585680178,997.6767585680178,10.0,18.18500778397826,5.2477615803217486,478.93847384731384,720625,2.393282241331617,23.068284078008983,39.27225015580791,-22.645175156088307,45.33336067566879,0,0,0,0,0,1,1,1,1
148,1954,3,9,9,19790.375,45.309844722664195,-16.289693012199855,305,173,991.2016531248522,997.2016531248522,6.0,15.288555731920757,5.075612471651402,381.0890782630152,456250,3.5248945568343335,34.35150899076841,38.66829248930013,-23.886403920300324,45.451041091286385,0,0,0,0,0,0,0,1,1
148,1954,3,9,12,19790.5,44.632947768737885,-14.847144969644656,309,169,994.9660556068562,998.9660556068562,4.0,12.621090905822507,3.6996681224063654,395.1844985686082,490625,3.7644024820040793,37.12203496742807,38.04852308824169,-25.089169045920208,45.57583254984182,0,0,0,0,0,0,0,1,2
148,1954,3,9,15,19790.625,44.28264954746563,-14.141244778929442,311,167,996.6805520828088,998.6805520828088,2.0,10.066466624853273,3.7900625962296908,278.90317035875347,244375,1.7144964759526191,17.012897605223163,18.730983726187887,-12.983795006029327,22.790978129718514,0,0,0,0,0,0,0,1,1
148,1954,3,9,18,19790.75,43.558978052818674,-12.760148764953641,315,163,999.4993642851018,999.4993642851018,0.0,7.786094959122484,2.4652995723628557,14.104739588693906,625,2.818812202292902,28.340268143556685,37.09540658741678,-26.8228662540088,45.777017639490325,0,0,0,0,0,0,0,1,1
148,1954,3,9,21,19790.875,43.558978052818674,-12.760148764953641,315,163,,,,7.786094959122484,,0.0,0,0.0,,0.0,0.0,0.0,0,3,0,0,0,0,0,0,0
195,1954,3,9,3,19790.125,46.14830690324114,-93.45460794698269,169,371,1003.7905095230864,1007.7905095230864,4.0,7.705002253391662,3.182102742056668,327.76452917762373,337500,,,,,,3,0,0,0,0,11,11,1,1
195,1954,3,9,6,19790.25,45.96315336425409,-91.94401902493621,168,366,1002.9702897654361,1006.9702897654361,4.0,8.381603556610191,3.9480170304779314,312.85825864361584,307500,-0.8202197576503386,-7.904722684941679,38.91919204823567,-6.862711395215242,39.519619398236465,0,0,0,0,0,10,10,1,1
195,1954,3,9,9,19790.375,44.774147713307066,-89.85420952708078,163,359,1002.3090434337795,1006.3090434337795,4.0,9.419819360439895,3.3388144393543913,326.8528041036741,335625,-0.6612463316565845,-6.504554980095803,54.98556299247031,-44.0704653790066,70.46714167838184,0,0,0,0,0,9,9,1,1
195,1954,3,9,12,19790.5,43.99801248512098,-87.56030199647199,160,351,1002.2935545021725,1008.2935545021725,6.0,10.279118812244326,2.8854427221481456,556.5566529946447,973125,-0.01548893160696025,-0.15448503246763004,61.16095611029766,-28.767433254803137,67.58866597585212,0,0,0,0,0,9,9,1,1
195,1954,3,9,15,19790.625,43.631930461663565,-85.29548705971031,159,343,1002.2690371873116,1008.2690371873116,6.0,10.583149774355912,2.8944470781477865,575.7084062169598,1041250,-0.024517314860859188,-0.24616706568465166,60.75667680720751,-13.56882124807973,62.25340702899567,0,0,0,0,0,5,5,1,1
195,1954,3,9,18,19790.75,43.58936429465515,-84.72828366677747,159,341,1001.4712315846558,1009.4712315846558,8.0,9.33095837047185,4.17512471495691,923.618154310838,2680000,-0.7978056026558624,-8.016647947232714,15.22720158764505,-1.5777139393470088,15.308718086933007,0,0,0,1,0,9,9,1,2
195,1954,3,9,21,19790.875,43.75736950297626,-79.81007693753669,162,324,1001.2737374723636,1007.1540762384288,5.880338766065251,8.868235460781028,6.33901996452747,747.0187542598633,1753125,-0.19749411229218822,-1.978408836639011,131.64649030841056,6.22710893838991,131.79368458409914,0,0,0,0,0,6,5,2,0
195,1954,3,10,0,19791.0,44.569889017567085,-74.8722050418296,169,308,1001.6456652958301,1005.2905081701412,3.644842874310998,9.275065655846882,3.5583560191297874,583.2612543782814,1068750,0.37192782346653985,3.671800418595188,130.36414243869672,30.11601594073318,133.79754874406072,0,0,0,0,0,6,7,2,0
195,1954,3,10,3,19791.125,45.00775108313147,-73.51124629410876,172,304,1000.613172049104,1006.613172049104,6.0,10.07143857609021,4.252365394073204,688.9699687007974,1491250,-1.0324932467260806,-10.114958190978506,35.66398060517837,16.22934675362202,39.183047465145435,0,0,0,0,0,7,7,1,2
195,1954,3,10,6,19791.25,45.564484245789615,-72.69019188491383,175,302,999.6185878021726,1005.6185878021726,6.0,10.323856946296772,5.158576862440168,636.2785447349366,1271875,-0.9945842469314812,-9.650289823146236,21.30578856008868,20.635301060788777,29.66061826794236,0,0,0,0,0,4,4,1,1
195,1954,3,10,9,19791.375,45.80385299735016,-71.65928757156554,177,299,999.2144021600149,1003.0688984335934,3.854496273578552,9.755539808863762,6.488669728634195,504.4293461607559,799375,-0.40418564215768127,-3.905782861643037,26.636960640684148,8.872196923591552,28.075675422406917,0,0,0,0,0,3,2,2,0
195,1954,3,10,12,19791.5,42.8942467014961,-68.90205041101085,169,286,998.7845266857461,1002.7845266857461,4.0,9.366396120774601,2.7011214256883975,497.87932660999996,778750,-0.42987547426877426,-4.3756356847382225,74.86727171231982,-107.84448621067979,131.28420156169526,0,0,1,0,0,4,4,1,1
195,1954,3,10,15,19791.625,43.57113073574458,-67.06286168503702,174,281,997.9416885664134,999.9416885664134,2.0,9.672804936508047,3.8163845604709064,306.43338007504707,295000,-0.8428381193327368,-8.471984105349087,49.38909640035529,25.088690178377686,55.396075836743286,0,0,0,0,0,4,4,1,1
195,1954,3,10,18,19791.75,44.31217230240382,-64.79119080399919,180,275,995.4429720146597,997.4429720146597,2.0,10.633420455049011,6.769880944572942,263.498280684788,218125,-2.498716551753605,-24.781600401666832,60.24649671589559,27.46668754841446,66.21222916818799,0,0,0,0,0,3,3,1,1
195,1954,3,10,21,19791.875,44.97912159243156,-63.107547932077615,185,271,995.843627013869,995.843627013869,0.0,10.05262219693896,3.166517802179078,14.104739588693906,625,0.40065499920921865,3.9270325032101954,44.141703242206326,24.720459126758104,50.592401253159814,0,0,0,0,0,3,3,1,1
195,1954,3,11,0,19792.0,44.972899656334285,-62.45283165969782,186,269,991.647666199333,993.647666199333,2.0,13.650624663165464,4.051955197082061,227.4320920733615,162500,-4.195960814535938,-41.13131121368311,17.167458047735433,-0.23061590930752784,17.169006946191786,0,0,0,0,0,3,3,1,1
195,1954,3,11,3,19792.125,45.27230906286654,-61.26020470831195,189,266,989.2926542279143,989.2926542279143,0.0,15.768277789204824,3.9128665645387803,14.104739588693906,625,-2.3550119714187168,-22.96542292539154,31.108242373074955,11.097602332014835,33.02846531496002,0,0,0,0,0,4,4,1,1
195,1954,3,11,6,19792.25,46.473175916043765,-59.03624346792648,197,262,,,,18.223340494575755,,0.0,0,-3.12774166755582,,56.76791707220746,44.510100549640995,72.13699092460244,0,2,2,0,0,5,3,0,0
215,1954,3,10,3,19791.125,58.79803508338376,-64.8321298502184,235,301,1002.7487961432303,1002.7487961432303,0.0,8.66833001955487,6.123695440693991,14.104739588693906,625,,,,,,3,0,0,0,0,6,6,1,1
215,1954,3,10,6,19791.25,59.10770008050255,-65.0339231644629,236,302,1003.9589508172699,1003.9589508172699,0.0,8.290752686742398,9.839095187705244,14.104739588693906,625,1.2101546740395133,9.77026707381876,-3.840149435408173,11.477725546337155,12.103095942910898,0,0,0,0,0,5,5,1,1
215,1954,3,10,9,19791.375,57.553057124999384,-68.0124450363038,227,306,1004.2642460864561,1004.2642460864561,0.0,7.635579007503019,4.062560555996897,14.104739588693906,625,0.30529526918631744,2.5064298559159206,-59.22625698160976,-57.622803131884915,82.6325417546117,0,0,0,0,0,4,4,1,1
215,1954,3,10,12,19791.5,56.93330444320718,-69.69737233764383,223,309,1004.8868123850494,1004.8868123850494,0.0,7.765462119171324,4.868918794495039,14.104739588693906,625,0.6225662985933014,5.146874113818793,-34.073766044873345,-22.97111799655069,41.09371964780286,0,0,0,0,0,6,6,1,1
215,1954,3,10,15,19791.625,57.01384006041372,-70.06746343806049,223,310,1004.8812887446281,1006.8219800801463,1.940691335518204,8.021846655398592,4.341261674715424,293.16150714175194,270000,-0.005523640421306482,-0.04562328020836667,-7.46825278537844,2.985050682518433,8.042718896213929,0,0,0,1,0,6,9,2,0
215,1954,3,10,18,19791.75,56.72791455159479,-71.07006755632067,221,312,1004.721335612409,1006.3379668065301,1.6166311941210005,8.0152513085192,5.5958916490307455,251.5235374254831,198750,-0.15995313221908872,-1.3254649921227024,-20.387193240742672,-10.597821992976375,22.97719476416121,0,0,0,0,0,5,8,2,0
215,1954,3,10,21,19791.875,56.80320144343188,-71.44103453198038,221,313,1004.792463395295,1006.238161765805,1.4456983705099264,8.224796536872654,5.527863535772195,245.92453796829673,190000,0.07112778288603294,0.5888990607496913,-7.528277553363743,2.790506805040585,8.028816298151192,0,0,0,0,0,5,8,2,0
215,1954,3,11,0,19792.0,57.11879577371316,-77.83612862657914,218,329,1004.1571549822312,1008.1571549822312,4.0,12.24508395873134,4.52371952391848,328.06787448010544,338125,-0.6353084130639036,-5.241195816604736,-128.63839888476883,11.697496135021838,129.16914911644247,0,0,1,0,0,6,6,1,1
215,1954,3,11,3,19792.125,56.20187193402648,-78.16096586924667,214,329,1003.5804291157647,1005.5804291157647,2.0,12.533830595392605,4.287677108566859,173.32194179790176,94375,-0.5767258664664405,-4.808256677491426,-6.697513114060396,-33.98575969753581,34.6394073871315,0,0,0,0,0,6,6,1,1
215,1954,3,11,6,19792.25,55.74212194844575,-78.31705339818183,212,329,1003.4258777261825,1005.4258777261825,2.0,12.411490825982275,4.603148800786148,172.74707473566775,93750,-0.15455138958219322,-1.2955201791501083,-3.2566974372466055,-17.040621973828625,17.34903096581188,0,0,0,0,0,7,7,1,1
215,1954,3,11,9,19792.375,55.28151263196305,-78.46913373855966,210,329,1004.2671147590381,1006.2671147590381,2.0,11.577715624962389,3.7006949404827907,191.3259964331453,115000,0.8412370328555698,7.090684364652934,-3.2104401408472545,-17.072473052698175,17.37170866763165,0,0,0,0,0,6,6,1,1
215,1954,3,11,12,19792.5,54.77281297570998,-78.25436657471205,208,328,1006.3796657540111,1006.3796657540111,0.0,9.373596358520258,2.946132904651531,14.104739588693906,625,2.1125509949729895,17.91736697388329,4.591681251252986,-18.854940320390668,19.405986478368007,0,0,0,0,0,4,4,1,1
215,1954,3,11,15,19792.625,54.77281297570998,-78.25436657471205,208,328,,,,9.373596358520258,,0.0,0,0.0,,0.0,0.0,0.0,0,3,0,0,0,4,4,0,0
217,1954,3,10,3,19791.125,41.53717363075836,151.05154821950865,461,543,1015.7307909023372,1021.7307909023372,6.0,8.093265975259108,12.906569928778408,283.50175706934715,252500,,,,,,3,0,0,0,0,16,16,1,1
217,1954,3,10,6,19791.25,41.68563967317937,152.51584403920776,456,545,1014.4527328046358,1022.4527328046358,8.0,9.04185335149401,18.94985081414765,351.7711873561401,388750,-1.278058097701287,-13.314392567990431,40.53166693525043,5.502890232070509,40.90351849726732,0,0,0,0,0,16,16,1,1
217,1954,3,10,9,19791.375,41.69153813800434,153.74134044519272,452,547,1015.0316752686986,1023.0316752686986,8.0,9.036216119099238,16.540735336347353,341.4395932149834,366250,0.5789424640627112,6.0305367106224494,33.91871814127271,0.21862645450935184,33.919422723179025,0,0,0,0,0,18,18,1,1
217,1954,3,10,12,19791.5,41.79189373057931,154.60158265058993,449,548,1015.434052894002,1021.434052894002,6.0,8.638113149396695,16.388569209263586,277.1141642750141,241250,0.4023776253033429,4.183134827143723,23.772302523729465,3.7196775849149106,24.06155374483187,0,0,0,0,0,18,18,1,1
217,1954,3,10,15,19791.625,41.55365325823632,155.32984908121531,447,550,1015.6109850699073,1021.6109850699073,6.0,8.70510425243481,11.954769039444217,316.6506184233564,315000,0.1769321759053855,1.8480070573846725,20.19987685422408,-8.830377281981278,22.045647821462374,0,0,0,0,0,16,16,1,1
217,1954,3,10,18,19791.75,41.75527555230671,157.9183554985436,438,553,1015.0432873256411,1021.0432873256411,6.0,8.619417216561336,6.124432851659585,354.86807227681413,395625,-0.5676977442661882,-5.906033842378721,71.57034588219395,7.473125399688522,71.95944700271359,0,0,0,0,0,19,19,1,1
217,1954,3,10,21,19791.875,41.830897029365346,159.65300384819113,432,555,1015.5423476841808,1021.5423476841808,6.0,9.229959769229742,6.03457055225801,335.8586993311039,354375,0.4990603585395729,5.184305560304909,47.90622442830381,2.802908198095885,47.9881509681501,0,0,0,0,0,21,21,1,1
217,1954,3,11,0,19792.0,42.16515960090975,160.69037440595667,428,555,1013.9777521307161,1021.9777521307161,8.0,10.93902188262051,9.826436327390402,487.5835274530085,746875,-1.5645955534646054,-16.148250356711035,28.499546087235984,12.389434040967423,31.076071229065786,0,0,0,0,0,20,20,1,1
217,1954,3,11,3,19792.125,42.558541868345394,162.005779249839,423,555,1011.1814533804683,1019.1814533804683,8.0,12.836751098547689,12.802698784567546,409.2805609899154,526250,-2.7962987502478063,-28.64422527934412,35.91225251873868,14.580704123592016,38.75934485655538,0,0,0,0,0,17,17,1,1
217,1954,3,11,6,19792.25,42.75855019146361,163.68942292842138,417,556,1009.7730655492285,1019.7730655492285,10.0,14.532178087588322,13.786970837214103,461.162436356806,668125,-1.4083878312398155,-14.372438938989733,45.8177356889341,7.4133036058104835,46.41359686571327,0,0,0,0,0,18,18,1,1
217,1954,3,11,9,19792.375,43.03626230566454,165.9296315929799,409,557,1010.247974665468,1020.247974665468,10.0,14.911213861717723,13.970776747403216,421.021160832325,556875,0.4749091162394325,4.82117867026941,60.68904338635492,10.29339272229246,61.55577893980559,0,0,0,0,0,19,19,1,1
217,1954,3,11,12,19792.5,43.3200602972222,167.30235978335017,404,557,1008.2064749032165,1022.2064749032165,14.0,17.089913124546587,15.56221436731852,500.8672269659895,788125,-2.0414997622513327,-20.615769498466825,37.016541254664546,10.51896561770892,38.482112261735644,0,0,0,0,0,14,14,1,1
217,1954,3,11,15,19792.625,43.57477701205632,168.6900675259798,399,557,1007.4415589986878,1021.4415589986878,14.0,17.895972482527736,13.149321447218318,479.56114601559284,722500,-0.7649159045287525,-7.688216481503443,37.26321446129204,9.441068807041358,38.44061565853925,0,0,0,0,0,14,14,1,1
217,1954,3,11,18,19792.75,44.082526274558965,170.32503463813802,393,556,1008.2662844990425,1022.2662844990425,14.0,17.062858649354947,14.189626043469469,536.1656609292841,903125,0.8247255003546888,8.21319127833787,43.530609748600696,18.81971399926993,47.42463094320594,0,0,0,0,0,15,15,1,1
217,1954,3,11,21,19792.875,44.272811880494466,171.74747095286392,388,556,1010.1212321005593,1024.1212321005594,14.0,16.66777079620633,10.668343402627944,545.3629982891939,934375,1.85494760151676,18.409831344957432,37.75015454536656,7.0529313311709485,38.40335933953269,0,0,0,0,0,23,23,1,1
217,1954,3,12,0,19793.0,44.51430489418137,174.04412297900564,380,556,1011.2169258701024,1021.2169258701024,10.0,15.270383311620954,4.420568508529032,451.79222493902637,641250,1.0956937695431406,10.827737030187098,60.69879905358283,8.950932647363155,61.35522310125569,0,0,0,0,0,22,22,1,1
217,1954,3,12,3,19793.125,43.486112622950515,177.01706181820768,370,561,1009.2665039602418,1021.2665039602418,12.0,17.04933247308437,9.016222578591623,493.26272842343866,764375,-1.9504219098605973,-19.63576991316525,79.94451853474796,-38.10992139200588,88.56349220902216,0,0,0,0,0,19,19,1,1
217,1954,3,12,6,19793.25,44.260517080166906,178.12448594748759,366,558,1008.9552998358663,1022.9552998358663,14.0,17.724738592485465,12.577985426282318,521.8753647816745,855625,-0.3112041243755084,-3.089293120913441,29.396313093335124,28.703282271132124,41.08554048102171,0,0,0,0,0,15,15,1,1
217,1954,3,12,9,19793.375,44.76670765547106,178.97957239045883,363,556,1011.0917293785214,1025.0917293785214,14.0,16.268935517890842,9.881841983324703,564.5420919130127,1001250,2.136429542655096,21.01840404421807,22.501832467154948,18.761941296370605,29.297489748924995,0,0,0,0,0,18,18,1,1
217,1954,3,12,12,19793.5,44.76670765547106,-178.97957239045883,356,556,1015.0071644556133,1025.0071644556133,10.0,12.334781118257192,5.908368192242924,526.4299997708744,870625,3.9154350770918245,38.52043552858974,-53.70449960771955,0.0,53.70449960771955,0,0,0,0,0,16,16,1,1
217,1954,3,12,15,19793.625,45.24229816296409,-178.38024250274472,354,554,1017.003005357486,1023.003005357486,6.0,9.488616273266645,3.838399087772996,417.4621691670102,547500,1.9958409018727252,19.472992287251195,15.641171597430334,17.627750531178762,23.566583072854122,0,0,0,0,0,17,17,1,1
217,1954,3,12,18,19793.75,45.24229816296409,-178.38024250274472,354,554,,,,9.488616273266645,,0.0,0,0.0,,0.0,0.0,0.0,0,3,0,0,0,17,17,0,0
237,1954,3,10,21,19791.875,30.76841455546377,129.20951876659478,555,519,1013.0471658609652,1015.0471658609652,2.0,7.5496219938781195,5.310071626703284,307.4056724603709,296875,,,,,,3,0,0,0,0,20,20,1,1
237,1954,3,11,0,19792.0,31.004056013254868,129.67425937523228,553,520,1013.2418184230969,1015.2418184230969,2.0,7.815910271177067,6.027602088446074,274.22747967867946,236250,0.19465256213166868,2.618124197452126,14.764581630394002,8.734044871166208,17.154486600656774,0,0,0,1,0,18,18,1,2
237,1954,3,11,3,19792.125,32.56104840897639,135.0,533,533,1011.3337881808023,1017.3337881808023,6.0,9.680792388304088,8.238060055951792,617.2334607150073,1196875,-1.955017956943484,-25.16687800082645,65.6989321910507,48.91634770673278,81.90945466800679,0,0,0,0,2,16,16,1,1
237,1954,3,11,6,19792.25,33.59655951943398,137.3509990606348,523,537,1008.89389116813,1014.89389116813,6.0,10.459177445985018,10.609322298292755,553.6896324934786,963125,-2.4398970126723,-30.549129876585376,72.58186219008894,38.381193988985935,82.10507153033382,0,0,0,0,0,17,17,1,1
237,1954,3,11,9,19792.375,34.18981113191314,139.4117064393,515,541,1008.4735703832803,1014.4735703832803,6.0,11.365156918203299,11.256749920475777,482.86850345578216,732500,-0.420320784849755,-5.182202808672917,63.17902917299116,21.98885651046192,66.89618477820204,0,0,0,0,0,18,18,1,1
237,1954,3,11,12,19792.5,35.92737190608816,141.8219814287197,503,542,1006.2747877949984,1014.2747877949984,8.0,14.33872338920102,9.438812298563498,547.1839148692403,940625,-2.1987825882819014,-25.96228706749921,72.33964407138656,64.40264760828488,96.85414355272476,0,0,0,0,0,13,13,1,1
237,1954,3,11,15,19792.625,37.203427771983975,143.05441444638174,496,541,1001.9730781593274,1013.9730781593274,12.0,18.017154822890213,13.836908395118588,637.5279883432003,1276875,-4.301709635670996,-49.290131403666464,36.383657249811876,47.29697946754785,59.67222789225681,0,0,0,0,0,13,13,1,1
237,1954,3,11,18,19792.75,38.530352082504514,144.91275144672386,487,541,997.7765850823745,1011.7765850823745,14.0,21.299143971595434,13.230726490793456,620.2878968065208,1208750,-4.196493076952902,-46.673297878450164,53.88179725875317,49.18241712373759,72.95312351069485,0,0,0,0,0,13,13,1,2
237,1954,3,11,21,19792.875,39.65247508099298,146.63900480690307,479,541,995.064225581219,1007.064225581219,12.0,24.007431550694807,16.08532374222741,451.79222493902637,641250,-2.7123595011554427,-29.448224225803063,49.26203121502339,41.591461501032384,64.47167897008576,0,0,0,2,0,22,22,1,1
237,1954,3,12,0,19793.0,40.71837215961925,148.4365510893059,471,541,991.7119016193528,1017.7119016193528,26.0,26.950153353219402,17.233723189340015,1039.548971234145,3395000,-3.3523239618662046,-35.603411377462905,50.49664977592635,39.50744915616611,64.11513220308926,0,0,0,0,0,21,21,1,1
237,1954,3,12,3,19793.125,41.93975737456853,150.16973012318513,463,540,988.4067792250332,1016.4067792250332,28.0,28.653655844817497,15.6805815500881,1045.2744540673812,3432500,-3.3051223943196235,-34.261387529051646,47.784156510807556,45.27061312701139,65.82365856092237,0,0,0,0,0,18,18,1,1
237,1954,3,12,6,19793.25,43.20638497674307,151.60362386296597,456,538,983.9960645792787,1015.9960645792787,32.0,31.390006169329457,17.27537671482627,1133.3928420589484,4035625,-4.410714645754488,-44.63491474115433,38.73813953325903,46.94752110325657,60.86635517458695,0,0,0,0,0,14,14,1,1
237,1954,3,12,9,19793.375,44.21136320829419,152.59716249151117,451,536,980.229784810318,1006.229784810318,26.0,34.78660636511937,21.69166857306642,631.2560405780945,1251875,-3.7662797689606666,-37.42044971697631,26.395327790117193,37.24949357890196,45.65345661647529,0,0,0,0,0,17,17,1,1
237,1954,3,12,12,19793.5,44.97912159243156,153.76234971376638,446,535,977.4748164603277,1015.4748164603277,38.0,37.04856859332502,21.711696587643893,1132.0756066833553,4026250,-2.7549683499903765,-27.00290843014805,30.54913320851793,28.456945734966546,41.74981796792177,0,0,0,0,0,15,15,1,1
237,1954,3,12,15,19793.625,45.72437124174067,154.96513419516413,441,534,972.673267819463,1012.673267819463,40.0,40.53114038717123,22.44999985259994,1042.3202148481294,3413125,-4.801548640864639,-46.461705632920705,31.122308285495816,27.62266002893674,41.612611310655105,0,0,0,0,0,16,16,1,1
237,1954,3,12,18,19793.75,46.224575766788575,156.32757511026549,436,534,966.6316500581706,1012.6316500581706,46.0,45.557908608843896,26.111506270824687,1111.324596323283,3880000,-6.041617761292437,-57.96987397793633,34.936360880392854,18.54006848999253,39.55102338977663,0,0,0,0,0,18,18,1,1
237,1954,3,12,21,19793.875,46.9673281370884,158.567503262795,428,534,963.4219831238936,1011.4219831238936,48.0,48.63137827675577,17.87964331030962,1028.0023453913834,3320000,-3.209666934277047,-30.42174985496521,56.65415637777697,27.530098443520732,62.988885965601504,0,0,0,0,0,19,19,1,1
237,1954,3,13,0,19794.0,48.17085945913976,160.96927598303333,419,532,959.4325761030041,1009.4325761030041,50.0,51.0898526940432,15.288141598026343,1001.3371767186818,3150000,-3.9894070208894847,-37.09307965899076,59.36714943602067,44.608859023309634,74.25906500569694,0,0,0,0,0,18,18,1,1
237,1954,3,13,3,19794.125,49.678063448089176,163.00485738804366,411,528,956.6573546247248,1006.6573546247248,50.0,52.641118135482266,11.278310717683343,902.8135202296037,2560625,-2.7752214782792723,-25.218753778064393,48.820031353972084,55.86447899653875,74.19053494184779,0,0,0,0,0,19,19,1,1
237,1954,3,13,6,19794.25,51.05920828226392,164.8628343562751,404,524,954.6138577908367,1006.6138577908367,52.0,54.81448266907842,10.440459502350931,918.434101276213,2650000,-2.043496833888057,-18.202412553255716,43.282221071476016,51.192099507190775,67.03716665279228,0,0,0,0,0,19,19,1,1
237,1954,3,13,9,19794.375,52.56471001775136,166.4295656148385,398,519,954.0552915799047,1006.0552915799047,52.0,55.53948057777586,8.146471846971327,946.5951244367208,2815000,-0.5585662109320402,-4.873631578324077,35.29854881593782,55.80138501359397,66.02864619198621,0,0,0,0,0,19,19,1,1
237,1954,3,13,12,19794.5,54.2854196273586,166.53979677759986,396,512,956.6755438059472,1006.6755438059472,50.0,52.4704090934511,10.512963597420821,973.6357788162376,2978125,2.620252226042503,22.358489109278548,2.385027301313334,63.77805960562168,63.82263894799589,0,0,0,0,0,15,15,1,1
237,1954,3,13,15,19794.625,55.74212194844575,168.31705339818183,390,507,956.4431518924991,1006.4431518924991,50.0,53.08524221219031,7.03446458324921,976.7977701837328,2997500,-0.23239191344808205,-1.9480149234321964,37.08066765669404,53.9926359120812,65.49947058259903,0,0,0,0,0,15,15,1,1
237,1954,3,13,18,19794.75,57.533429767342064,169.31880255684308,386,500,956.8226701229839,1004.8226701229839,48.0,52.81727073141155,6.50642066557586,923.5104500186742,2679375,0.37951823048482763,3.1164685166952157,19.93137621560227,66.39478050666668,69.32190589111296,0,0,0,0,0,18,18,1,1
237,1954,3,13,21,19794.875,58.99508454444232,169.6764110459643,384,494,957.6479545571324,1003.6479545571324,46.0,51.507523237726744,8.271273076211582,928.5590472341233,2708750,0.8252844341483433,6.670848332837458,6.827667424048396,54.176198573110575,54.60473911929733,0,0,0,0,0,19,19,1,1
237,1954,3,14,0,19795.0,59.952087583526435,169.79177364118618,383,490,962.1647891038313,1002.1647891038313,40.0,45.71959496990376,11.372772373943736,900.7176707553464,2548750,4.516834546698956,36.1521431682012,2.141051464542449,35.47129424319273,35.53585255289335,0,0,0,0,0,23,23,1,1
237,1954,3,14,3,19795.125,60.98434677002106,170.79493742080572,380,486,966.756314464906,990.756314464906,24.0,39.88742888883854,9.22992163387229,564.013246745966,999375,4.591525361074746,36.37677024190064,18.035015848910003,38.26066150681383,42.29822709770967,0,0,0,0,0,23,23,1,1
237,1954,3,14,6,19795.25,63.76463437366808,167.81908392099447,384,473,970.5180118739684,992.5180118739684,22.0,34.94296892832657,16.720043472659164,587.8479141651161,1085625,3.761697409062326,29.05487200017197,-48.75473628194273,103.0512920461022,114.00260129616706,0,0,0,0,0,19,19,1,1
237,1954,3,14,9,19795.375,65.03046475686224,168.7916556810735,381,468,974.1121126337368,1000.1121126337368,26.0,32.76035451942454,6.709679289818814,850.8560673752401,2274375,3.59410075976848,27.46803239936141,15.217166639032092,46.91797220124254,49.324013178133015,0,0,0,0,0,20,20,1,1
237,1954,3,14,12,19795.5,65.48065150424446,168.5866456536228,381,466,979.3942545563891,997.3942545563891,18.0,27.47436339951043,17.644069673382617,620.6085419025319,1210000,5.282141922652227,40.223016971715765,-3.1534595068550053,16.686160783839842,16.981527274233283,0,0,0,0,0,20,20,1,1
237,1954,3,14,15,19795.625,67.27388587476982,167.68693654101057,381,458,982.0270848490469,996.0270848490469,14.0,25.573417351688978,19.003488266175772,556.9139927765607,974375,2.632830292657891,19.776162976037327,-12.882985313389824,66.46618809568926,67.7032161020181,0,0,0,0,0,18,18,1,1
237,1954,3,14,18,19795.75,68.61057528078294,166.91494006376783,381,452,984.4056961778447,996.4056961778447,12.0,23.589398488222297,12.3802342119682,511.86797620581103,823125,2.3786113287977058,17.698521137976215,-10.435609567467942,49.54436014939571,50.63146817600352,0,0,0,0,0,18,18,1,1
237,1954,3,14,21,19795.875,68.7092648205234,168.09573428450827,379,452,986.3845580427089,998.3845580427089,12.0,21.00856217672302,11.930768974444726,545.3629982891939,934375,1.9788618648643024,14.714202141586943,15.89125493432729,3.657925377342412,16.306820703435328,0,0,0,0,0,17,17,1,1
237,1954,3,15,0,19796.0,71.00596896400525,162.4233507071095,385,440,988.8237602646798,998.8237602646798,10.0,18.672556025743138,5.1599163106770725,541.5191433798228,921250,2.4392022219707723,17.87239623012742,-68.40395379001102,85.12728291957278,109.20510606823726,0,0,0,0,0,16,16,1,1
237,1954,3,15,3,19796.125,71.50735351701792,162.66675729228436,384,438,988.6923638796038,994.6923638796038,6.0,18.239646626640685,4.522946163109009,392.40592177158686,483750,-0.1313963850759319,-0.9599062207768437,2.861577894196701,18.583806197652407,18.802831723877635,0,0,0,0,0,12,12,1,1
237,1954,3,15,6,19796.25,71.94009756309558,162.24174151735733,384,436,988.5628362521145,992.5628362521145,4.0,17.4359480830314,3.6337735017036903,277.1141642750141,241250,-0.12952762748929672,-0.9438967636739595,-4.883657310469895,16.03964748649161,16.76664546702836,0,0,0,0,0,10,10,1,1
237,1954,3,15,9,19796.375,72.37151195209448,161.79608129397346,384,434,988.8621695366909,990.8621695366909,2.0,16.360786172418663,3.0377851888167062,187.65135533505173,110625,0.29933328457642344,2.176027632914058,-5.002478941469083,15.990363779380035,16.75459726035665,0,0,0,0,0,13,13,1,1
237,1954,3,15,12,19796.5,72.65704365227921,162.26947198845806,383,433,989.5242575522919,991.5242575522919,2.0,14.78753757106309,2.99168319821285,204.88317705582224,131875,0.6620880156010389,4.805552366434813,5.230348109725618,10.583225485579625,11.805134604380097,0,0,0,0,0,13,13,1,1
237,1954,3,15,15,19796.625,72.94122594368174,162.75854060106005,382,432,988.5889392474511,990.5889392474511,2.0,14.421646906546517,3.1964046393639,210.15588668414918,138750,-0.9353183048409118,-6.778290688751939,5.317679285445087,10.53320968206218,11.799416052887542,0,0,0,0,0,14,14,1,1
237,1954,3,15,18,19796.75,73.22400020610391,163.26400414852395,381,431,988.3112720495014,988.3112720495014,0.0,13.556336280500446,3.291255235856807,14.104739588693906,625,-0.27766719794963135,-2.0092473736489027,5.407479623037612,10.48102112233365,11.793754264031922,0,0,0,0,0,12,12,1,1
237,1954,3,15,21,19796.875,73.50530392113579,163.78661831001403,380,430,988.1045137985899,988.1045137985899,0.0,12.897676846853697,2.588530373056274,14.104739588693906,625,-0.20675825091151637,-1.4939449593760656,5.499833803784832,10.426515319270555,11.788146316204168,0,0,0,0,0,10,10,1,1
237,1954,3,16,0,19797.0,75.59845249339634,166.9384489166719,374,422,988.9037534584609,988.9037534584609,0.0,13.275094673360384,1.2192495820722251,14.104739588693906,625,0.7992396598709456,5.716941422867312,29.052199687099854,77.58250064955833,82.84367636517493,0,0,0,0,0,11,11,1,1
237,1954,3,16,3,19797.125,75.59845249339634,166.9384489166719,374,422,,,,13.275094673360384,,0.0,0,0.0,,0.0,0.0,0.0,0,3,0,0,0,11,11,0,0
242,1954,3,11,9,19792.375,49.975201851225954,149.99108472179867,447,511,1013.3165616963987,1017.3165616963987,4.0,9.055109885689404,20.347406588048543,124.56968712917198,48750,,,,,,3,0,0,0,0,17,17,1,1
242,1954,3,11,12,19792.5,50.12033905564539,151.0092351831547,444,512,1013.8001311426084,1017.8001311426084,4.0,8.310987167542102,23.94823084271098,116.31066229203195,42500,0.4835694462097308,4.365778994203615,24.196381686184996,5.379506932938357,24.78717373048167,0,0,0,0,0,12,12,1,1
242,1954,3,11,15,19792.625,50.474050059748734,152.61966934353902,439,513,1011.6814261724435,1017.6814261724435,6.0,9.544458178356562,23.021490688252307,152.56608544230824,73125,-2.1187049701649814,-19.03037156992086,37.988068659850406,13.110289718214599,40.1867273736122,0,0,0,0,0,12,12,1,1
242,1954,3,11,18,19792.75,51.00888611266655,154.11075236432953,434,513,1009.207651632005,1015.207651632005,6.0,11.208607824882526,25.693146999473175,137.4759960580849,59375,-2.473774540438462,-22.050762158350057,34.77336766145493,19.823685223687665,40.02706077601217,0,0,0,0,0,12,12,1,1
242,1954,3,11,21,19792.875,51.19927699466578,155.47227951974193,430,514,1009.0544931797459,1015.0544931797459,6.0,11.186883439940242,23.829173263308476,158.3253092116782,78750,-0.15315845225908561,-1.3615705861395215,31.621587388316218,7.056833385898759,32.39943959998775,0,0,0,0,0,20,20,1,1
242,1954,3,12,0,19793.0,52.38149612577107,159.5863295163362,417,514,1012.0762398379703,1012.0762398379703,0.0,8.461140730809808,10.477856105517713,14.104739588693906,625,3.021746658224438,26.43033931564977,93.06576996916426,43.81892318701568,102.86561898527115,0,0,0,0,0,20,20,1,1
242,1954,3,12,3,19793.125,53.30382076294575,161.33992157138425,411,512,1009.1763478844857,1011.1763478844857,2.0,10.539713294219,13.613522125252494,89.20620580763855,25000,-2.899891953484621,-25.056937567445143,38.83930016109936,34.18594012436913,51.741373572711844,0,0,0,0,0,17,17,1,1
242,1954,3,12,6,19793.25,54.25383182540292,163.52804939627518,404,510,1007.2389398455035,1009.2389398455035,2.0,12.574734035735768,14.908275916500568,106.48844864724786,35625,-1.9374080389822483,-16.538369577482058,47.37804595682143,35.212136800481545,59.03027881301689,0,0,0,0,0,13,13,1,1
242,1954,3,12,9,19793.375,55.25376736476617,165.008157006348,399,507,1005.6874300355719,1007.6874300355719,2.0,14.598600288492824,16.60124815901574,78.53186642892773,19375,-1.5515098099315947,-13.08187800475738,31.26655832866688,37.06258631626111,48.4895140640761,0,0,0,0,0,15,15,1,1
242,1954,3,12,12,19793.5,56.681535456500086,166.3902681041878,394,502,1002.0833859811953,1008.0833859811953,6.0,18.174540696811132,17.15313060686305,160.19904673114672,80625,-3.6040440543765726,-29.88109345738394,28.13861426983311,52.92018940859846,59.936033069167934,0,0,0,0,0,14,14,1,1
242,1954,3,12,15,19793.625,57.98092780021479,167.0967154041257,391,497,998.3709977322709,1008.3709977322709,10.0,21.15763985698073,32.78214966786232,195.94930472170537,120625,-3.7123882489243987,-30.33499250879676,13.882973158660873,48.1619454472859,50.122948167395755,0,0,0,0,0,15,15,1,1
242,1954,3,12,18,19793.75,59.220684153910284,167.44830144927252,389,492,995.678785159683,1009.678785159683,14.0,22.59276177131492,42.90330824945282,275.6746004375086,238750,-2.692212572587887,-21.710191566060825,6.668651909461404,45.95153893543199,46.43290696073298,0,0,0,0,0,17,17,1,1
242,1954,3,12,21,19793.875,60.00118329863069,168.01103822786212,387,489,995.7048453047844,1011.7048453047844,16.0,21.572815662033026,47.45467222217267,471.19119857356634,697500,0.02606014510136447,0.20847867501784706,10.428507975662056,28.92918171444215,30.751444409420206,0,0,0,0,0,18,18,1,1
242,1954,3,13,0,19794.0,62.45603491167122,168.87459435824127,383,479,1001.7434388868136,1007.7434388868136,6.0,14.64541481323063,25.840307718147887,276.03519522924046,239375,6.038593582029134,47.184693369683984,14.801176078298779,90.98901501177261,92.18500781641983,0,0,0,0,0,16,16,1,1
242,1954,3,13,3,19794.125,62.90887078696338,168.6900675259798,383,477,1003.5260856720365,1005.5260856720365,2.0,10.18751704248831,20.187043706848126,63.07831305050401,12500,1.7826467852230417,13.872594140356583,-3.1147476651394985,16.784350645045365,17.070913261841813,0,0,0,3,0,17,17,1,1
242,1954,3,13,6,19794.25,62.90887078696338,168.6900675259798,383,477,,,,10.18751704248831,,0.0,0,0.0,,0.0,0.0,0.0,0,3,0,0,0,17,17,0,0
243,1954,3,11,12,19792.5,54.86274904822975,162.8563357346169,405,507,1010.0919720041577,1016.0919720041577,6.0,10.350529962384064,19.57050862453005,198.97183743964612,124375,,,,,,3,0,0,0,0,11,11,1,1
243,1954,3,11,15,19792.625,55.675101982214485,163.24620569091806,403,504,1008.5900402099795,1016.5900402099795,8.0,11.797729675819046,27.697501014703956,252.31325220201603,200000,-1.5019317941782355,-12.599923337659336,8.148420664808949,30.10984163464158,31.192937062640976,0,0,0,0,0,10,10,1,1
243,1954,3,11,18,19792.75,56.32360203590047,164.1342921972262,400,502,1008.0904996193661,1016.0904996193661,8.0,11.996799956856169,24.852197129609486,249.93662229367052,196250,-0.49954059061332373,-4.158845294646622,18.252352085513554,24.036638632868446,30.181258314070586,0,0,0,0,0,10,10,1,1
243,1954,3,11,21,19792.875,57.126881508838785,164.57125825410375,398,499,1007.223442146026,1017.223442146026,10.0,13.204145704902217,26.166139544821416,326.54833007009836,335000,-0.8670574733402464,-7.152437148886631,8.790931317558364,29.77353402281847,31.044223321544983,0,0,0,0,0,18,18,1,1
243,1954,3,12,0,19793.0,58.027308582106905,164.13841064025482,398,495,1002.0552879367492,1012.0552879367492,10.0,18.067736123265988,29.812955847560808,234.32553289538015,172500,-5.168154209276691,-42.209122393120786,-8.495252124794563,33.374307453607784,34.43854971789269,0,0,0,0,0,19,19,1,1
243,1954,3,12,3,19793.125,58.47597998007653,163.9129934642623,398,493,1000.7723751441383,1010.7723751441383,10.0,19.010044924884678,32.28924560008883,247.93869558672074,193125,-1.2829127926108777,-10.42710128410806,-4.368502515411706,16.62999439491465,17.194200411826397,0,0,0,0,0,16,16,1,1
243,1954,3,12,6,19793.25,59.05134649925168,164.4871256729415,396,491,1000.4652367600953,1008.4652367600953,8.0,19.185140653477553,27.88666725474606,171.59156293944244,92500,-0.3071383840430644,-2.4811641699401092,10.943726572755788,21.3259459644718,23.970004642861714,0,0,0,0,0,12,12,1,1
243,1954,3,12,9,19793.375,59.84712490758506,164.97149493207272,394,488,1001.3212610466485,1007.3212610466485,6.0,18.411073690763814,26.060094790696827,130.80197392386228,53750,0.8560242865531472,6.858784451460454,9.017999712682602,29.495507246651556,30.843301810202128,0,0,0,0,0,14,14,1,1
243,1954,3,12,12,19793.5,61.02777729339587,164.82342241226092,393,483,1004.4710308556351,1008.4710308556351,4.0,14.694894818058275,23.012632452657126,111.95289977703462,39375,3.1497698089867483,24.943852730524778,-2.658454705413652,43.76085181098543,43.84152748985558,0,0,0,0,0,13,13,1,1
243,1954,3,12,15,19793.625,62.07913822516595,163.7676493388438,394,478,1007.4428308509096,1009.4428308509096,2.0,10.7774718275401,8.563589171768326,165.69317331547472,86250,2.971799995274341,23.30165944769994,-18.323513093662335,38.96866722837623,43.06167852800839,0,0,0,0,0,13,13,1,1
243,1954,3,12,18,19793.75,62.04170431821353,157.89726312154656,406,474,1006.7679723034915,1008.7679723034915,2.0,8.375538193776885,15.398814847736794,154.50968080927584,75000,-0.6748585474179708,-5.293348792614873,-101.97562786917071,-1.387486845864477,101.98506654927,0,0,0,0,0,15,15,1,1
243,1954,3,12,21,19793.875,62.04170431821353,157.89726312154656,406,474,,,,8.375538193776885,,0.0,0,0.0,,0.0,0.0,0.0,0,3,0,0,0,15,15,0,0
246,1954,3,10,0,19791.0,28.233968081956238,-73.7091815661385,108,286,1004.1006224582707,1008.1006224582707,4.0,8.187081930956461,15.731349188799795,273.864504695398,235625,,,,,,3,0,0,0,0,4,4,1,1
246,1954,3,10,3,19791.125,29.183853007674422,-72.54676771814178,113,282,1001.7385411410376,1007.7385411410376,6.0,10.629670049887917,20.359546195101064,282.0947917738781,250000,-2.3620813172330966,-33.5613655070202,37.61547752873947,35.20746154533512,51.52173811296893,0,0,0,0,0,4,4,1,1
246,1954,3,10,6,19791.25,30.100568553740796,-71.35179243666217,118,278,998.1551657960724,1006.1551657960724,8.0,12.295573957169871,20.502524692458465,384.20854977177817,463750,-3.5833753449651704,-49.50228544316543,38.31865766313717,33.97803929959235,51.213540004078446,0,0,0,0,0,2,2,1,1
246,1954,3,10,9,19791.375,31.532987590113922,-69.4574013372016,126,272,996.2986868086115,1004.2986868086115,8.0,12.629898463905999,15.871759077076423,383.69039909802694,462500,-1.8564789874608687,-24.593355499969153,59.84672828522194,53.092576557926435,80.00282852502444,0,0,0,0,0,1,1,1,1
246,1954,3,10,12,19791.5,32.551622304190076,-68.6104713530183,131,270,990.9512113607789,1002.9512113607789,12.0,18.606016938798263,27.34486918876457,359.6017119844745,406250,-5.347475447832694,-68.85560542242351,26.459994306324166,37.75567076976628,46.10446804774664,0,0,0,0,0,3,3,1,1
246,1954,3,10,15,19791.625,33.7269832053012,-66.89513205190848,138,265,988.1184179282661,1000.1184179282661,12.0,21.211713537399383,31.845846343689555,277.1141642750141,241250,-2.832793432512699,-35.34742444466251,52.87759082692287,43.56472305997812,68.51222304780416,0,0,0,0,0,2,2,1,1
246,1954,3,10,18,19791.75,34.94526695225641,-65.33505978849887,145,261,984.6918497885317,998.6918497885317,14.0,22.336255911147212,36.23906569323335,308.3748992661489,298750,-3.426568139734445,-41.44592029569023,47.3978618222077,45.15565729164742,65.46442309191922,0,0,0,0,0,2,2,1,1
246,1954,3,10,21,19791.875,36.11059296484068,-63.15815977074426,153,255,982.6812796508259,996.6812796508259,14.0,24.388580740136696,26.126681374304244,290.7766557300799,265625,-2.0105701377057996,-23.635767275269778,65.18392209280125,43.192780162101236,78.19565178148969,0,0,0,0,0,2,2,1,1
246,1954,3,11,0,19792.0,37.524076243424076,-60.99468258082024,162,250,977.022255684428,993.022255684428,16.0,30.083589788692713,18.159951556442174,312.5401515368078,306875,-5.6590239663977995,-64.36907906664347,63.59647234275061,52.39072315846381,82.39720363889201,0,0,0,0,0,2,2,1,1
246,1954,3,11,3,19792.125,38.97347001907339,-58.946928217570246,171,246,972.9813648827093,988.9813648827093,16.0,33.85823278213648,19.939968228244325,277.1141642750141,241250,-4.040890801718779,-44.51172006969233,59.006219874531105,53.72174485413524,79.798244680283,0,0,0,0,0,3,3,1,1
246,1954,3,11,6,19792.25,39.996745508826805,-56.71471287809376,179,241,967.1918865430214,1005.1918865430214,38.0,38.700244787766884,27.700128110443323,1052.1039060872897,3477500,-5.789478339687921,-62.40536906895896,63.38158901488858,37.927681006768715,73.86294614083201,0,0,2,0,0,3,3,1,2
246,1954,3,11,9,19792.375,41.276403490443684,-54.46232220802562,188,237,963.3707859918139,1005.3707859918139,42.0,42.02908321038534,28.291324489190593,1092.9125527253652,3752500,-3.8211005512074916,-40.12986757844826,62.740068356328194,47.43049179867091,78.65092325981,0,0,0,0,0,2,2,1,2
246,1954,3,11,12,19792.5,42.81015232795004,-52.14958572111499,198,234,969.5371390791214,1005.5371390791214,36.0,35.96614413729141,21.712002988259044,1097.0005986568985,3780625,6.166353087307507,62.86573183200866,62.88414736359044,56.8483631592321,84.77117660814729,0,0,0,0,0,1,1,1,1
246,1954,3,11,15,19792.625,44.374956850533046,-50.324015264026464,207,233,968.508206919796,1006.508206919796,38.0,35.914125764624636,18.520675525023833,1181.5192738989858,4385625,-1.0289321593254863,-10.193238061051714,48.36428437916649,57.999441367230446,75.51846928016808,0,0,0,0,0,1,1,1,1
246,1954,3,11,18,19792.75,45.878389906224555,-48.37885429929817,216,232,968.3286468005878,1004.3286468005878,36.0,34.131041505059535,16.782283905947917,1128.1146722290994,3998125,-0.17956011920818127,-1.7329597173238982,50.19174604250638,55.72470944754066,74.99636400391877,0,0,0,0,0,1,1,1,2
246,1954,3,11,21,19792.875,47.295821003650516,-47.177497792673634,223,233,969.6202679587705,1003.7524738784641,34.13220591969366,31.507364164124482,15.440474565181212,1118.2843848255093,3928750,1.2916211581826793,12.17721934803986,30.199351008567312,52.53704896733191,60.59820389693483,0,0,0,0,0,1,3,2,0
246,1954,3,12,0,19793.0,48.00888076290154,-45.44242965803947,229,231,977.6992222447749,1001.2547585488236,23.55553630404873,22.0424644300313,11.338664679190988,1023.7359524116221,3292500,8.078954286004446,75.30810335993988,43.02364554938206,26.42954254103504,50.493116315862736,0,0,0,0,0,2,4,2,0
246,1954,3,12,3,19793.125,49.535585547458574,-44.312483645360906,236,233,977.1381857336979,997.5338850153017,20.395699281603882,20.755509280463052,9.410004683056759,889.8291082461728,2487500,-0.5610365110769635,-5.1090011315771475,27.179767523064076,56.58727550890505,62.776265515945866,0,0,0,0,0,2,4,2,0
246,1954,3,12,6,19793.25,50.554238036167604,-58.75147553684463,212,270,968.6611435715895,996.6611435715895,28.0,35.20052207782528,6.551731852134618,909.619019369643,2599375,1.1272585562877067,10.113454651171896,-76.15258718895869,-18.40570560544142,78.34530320578338,0,0,0,0,2,2,2,1,1
246,1954,3,12,9,19793.375,50.02170804493563,-58.81133479186168,210,269,967.661991277691,993.661991277691,26.0,36.20469248920422,16.568223132339334,799.6280284430314,2008750,-0.9991522938985145,-9.033588968241775,-1.4254971031225812,-19.738211103688823,19.789618984831304,0,0,0,0,0,4,4,1,1
246,1954,3,12,12,19793.5,49.28285036103863,-59.03624346792648,207,268,970.1276886142838,992.1276886142838,22.0,33.8941063114821,21.1754322494012,774.3489188335681,1883750,2.465697336592857,22.53855468606939,-5.437934697016857,-27.385741987231967,27.920422596376646,0,0,0,0,0,5,5,1,2
246,1954,3,12,15,19793.625,48.74782101121415,-59.09081086048848,205,267,972.0926285853981,992.1063816214936,20.013753036095586,31.35419308766405,19.012159153448593,793.5091326552649,1978125,1.9649399711142177,18.107524210140927,-1.3336104731008438,-19.830849768806406,19.87564135938595,0,0,0,0,0,5,4,2,0
246,1954,3,12,18,19793.75,48.04176249620945,-58.177139653967316,204,263,974.4133735531484,991.6002689279055,17.18689537475715,28.06575708063298,10.312002257350395,789.9913421038832,1960625,2.320744967750361,21.621696157059276,22.64175988026867,-26.17004159423765,34.60520723128056,0,0,0,0,0,5,6,2,0
246,1954,3,12,21,19793.875,50.71918568967736,-55.43137356418565,218,262,968.659451287826,988.659451287826,20.0,32.07504094829281,17.540668945348735,665.9170069834479,1393125,-5.753922265322472,-51.50084184965438,64.43021216770889,99.23862519803467,118.31972350868634,0,0,1,0,0,7,7,1,1
246,1954,3,13,0,19794.0,50.71918568967736,-55.43137356418565,218,262,,,,32.07504094829281,,0.0,0,0.0,,0.0,0.0,0.0,0,3,0,0,0,7,7,0,0
254,1954,3,6,15,19787.625,32.78336772344529,140.8095210038183,514,549,1014.072260935643,1014.072260935643,0.0,8.332347401411162,4.382911159957512,14.104739588693906,625,,,,,,3,0,0,0,0,13,13,1,1
254,1954,3,6,18,19787.75,33.584905050202174,141.72944857475179,509,549,1011.8006403181806,1013.8006403181806,2.0,10.311434115072606,4.932809360207248,445.36147995563624,623125,-2.271620617462322,-28.450909839317582,28.405069766359535,29.708961417202474,41.10316748038498,0,0,0,0,0,15,15,1,1
254,1954,3,6,21,19787.875,34.212217406757375,142.48258448641215,505,549,1010.7185666798373,1012.5379088757763,1.819342195939098,11.783066397946577,5.874848996871297,346.6438835958035,377500,-1.0820736383434268,-13.333386191293886,23.084525759560968,23.251317156793753,32.76460100580572,0,0,0,1,0,17,18,2,0
254,1954,3,7,0,19788.0,32.992551271921606,145.36432818060553,498,560,1008.6149802669056,1014.6149802669056,6.0,13.54802672323403,6.7962060405413665,468.0138784589843,688125,-2.1035864129316177,-26.76450186943906,89.58464079180317,-45.20689546463865,100.3447620125095,0,0,0,0,0,14,14,1,1
254,1954,3,7,3,19788.125,34.06508288854267,146.40946181139446,492,559,1001.9394157086404,1013.9394157086404,12.0,19.728163798173732,23.91848664757883,538.2025607773058,910000,-6.675564558265323,-82.56889756572126,32.09036885250068,39.75335814471632,51.08934582544221,0,0,0,0,0,19,19,1,1
254,1954,3,7,6,19788.25,34.760333260136825,147.4174457900763,487,559,996.5929635175207,1012.5929635175207,16.0,23.99789407079523,35.74194201070495,588.5243791923468,1088125,-5.346452191119607,-64.96822991102921,30.693500517878007,25.769438023004792,40.07686252767876,0,0,0,0,0,15,15,1,1
254,1954,3,7,9,19788.375,35.51663888491558,148.1115202831986,483,558,992.5950131619683,1012.5950131619683,20.0,28.759612013363867,45.34423627445598,596.9155123189383,1119375,-3.997950355552457,-47.67900886934798,20.939434607235295,28.032449489380408,34.989686281036406,0,0,0,0,0,11,11,1,1
254,1954,3,7,12,19788.5,36.391693629852746,149.03624346792648,478,557,989.4251797883584,1015.4251797883584,26.0,32.66436849466243,51.638167327814806,758.6462040741169,1808125,-3.169833373609872,-37.015285146831886,27.590450881211627,32.43388272442035,42.58156559369329,0,0,0,0,0,15,15,1,1
254,1954,3,7,15,19788.625,37.24772806558356,149.98891994838672,473,556,986.5690337459503,1006.5690337459503,20.0,34.92475886866997,49.80086067782817,394.6807577665683,489375,-2.8561460424080725,-32.69319134223796,28.10830022582131,31.72889542876809,42.388670027669036,0,0,0,0,0,17,17,1,1
254,1954,3,7,18,19788.75,37.96230235564592,150.74671172284113,469,555,982.9306031193208,1004.9306031193208,22.0,37.15887951661993,57.596742267874944,404.8821944524756,515000,-3.638430626629415,-40.978751389634915,22.144590152973255,26.485678588523612,34.5235288366896,0,0,0,0,0,16,16,1,1
254,1954,3,7,21,19788.875,38.66458453819048,151.52386743394504,465,554,980.1927355085521,1006.1927355085521,26.0,40.147654257083815,62.28285090275742,463.0996499851074,673750,-2.737867610768735,-30.361257077971846,22.49155964127806,26.030071923941307,34.40108863775572,0,0,0,0,0,19,19,1,1
254,1954,3,8,0,19789.0,38.79680272453606,152.33212676631166,462,555,980.8791066785442,1008.8791066785442,28.0,39.3307849317909,47.48235326498099,550.4463851377315,951875,0.6863711699920532,7.58956288435238,23.34846582986682,4.90066384392415,23.85722873092355,0,0,0,0,0,20,20,1,1
254,1954,3,8,3,19789.125,39.027916397048934,153.9595140393407,456,557,981.4750147737208,1013.4750147737208,32.0,36.47736679132914,32.97294955843274,910.3841860176642,2603750,0.5959080951765645,6.556422358697448,46.857595715156016,8.566222620541351,47.63417309232608,0,0,0,0,0,19,19,1,1
254,1954,3,8,6,19789.25,39.54380790141606,155.73026218023668,449,558,982.5579626533732,1012.5579626533732,30.0,34.56024365309807,25.91304820670775,797.5104647156593,1998125,1.0829478796524927,11.784608072443104,50.61108183751805,19.121505994884505,54.10280580779848,0,0,0,0,0,21,21,1,2
254,1954,3,8,9,19789.375,40.42371423838198,157.92540074403834,440,558,984.7675902033504,1014.313601890772,29.54601168742156,32.28361382102588,17.315530087952066,871.7596304393776,2387500,2.2096275499771583,23.608762311961645,61.93743249737525,32.61370686433619,69.99928156631157,0,0,0,0,0,24,23,2,0
254,1954,3,8,12,19789.5,45.01273156598951,159.80408513798525,427,543,977.1618638470488,1017.1618638470488,40.0,41.5250541750289,31.776128680588155,1129.4365271592474,4007500,-5.151738043723162,-50.465305446663066,20.43335525428736,38.10951552435317,43.24184524796355,0,0,0,0,2,24,24,1,1
254,1954,3,8,15,19789.625,45.4075524636868,160.25672900409774,425,542,974.250491510022,1016.250491510022,42.0,43.607607615838674,31.158500740487288,1067.4967880691588,3580000,-2.9113723370268416,-28.324747295814667,11.778595675285874,14.634026919062853,18.78536824099329,0,0,0,0,0,19,19,1,1
254,1954,3,8,18,19789.75,45.72689275595461,161.376888374012,421,542,972.695401186744,1016.695401186744,44.0,43.79745472415206,21.841848066873283,1154.7811391909804,4189375,-1.555090323277982,-15.047030471931624,28.98309359262987,11.836340124456962,31.306846882766276,0,0,0,0,0,16,16,1,1
254,1954,3,8,21,19789.875,46.25893089297354,162.4215687894789,417,541,972.9985060322279,1016.9985060322279,44.0,42.942551976044136,17.665714808775594,1113.56003446816,3895625,0.30310484548390376,2.906649281892352,26.77156062915246,19.719980539309415,33.25047504910461,0,0,0,0,0,14,14,1,1
254,1954,3,9,0,19790.0,47.00602246916844,163.40330499339584,413,539,974.1129634734564,1018.1129634734564,44.0,39.83639982728252,9.096111073332214,1265.5025147593333,5031250,1.1144574412284418,10.556357238948927,24.81361586548705,27.69093100391987,37.182027811616216,0,0,0,0,0,15,15,1,1
254,1954,3,9,3,19790.125,47.3984012156479,165.1779068131526,407,539,972.8844239079306,1014.8844239079306,42.0,39.307032124105994,9.02341383843741,1113.2920188917797,3893750,-1.228539565525716,-11.563406979109814,44.52229154826057,14.54350864388922,46.837464581072226,0,0,0,0,0,16,16,1,1
254,1954,3,9,6,19790.25,48.035184491190364,167.21654605857566,400,538,973.3429087385168,1015.3429087385168,42.0,38.32988366961544,7.352783559216404,1175.5266025894016,4341250,0.4584848305862397,4.2720088897670925,50.524956753443846,23.602356537475128,55.765961742441654,0,0,0,0,0,16,16,1,1
254,1954,3,9,9,19790.375,49.129403160711625,169.5085229876684,392,535,973.4342609118922,1013.4342609118922,40.0,37.43184084755016,5.077381089312912,1103.7803628296977,3827500,0.09135217337534414,0.8369681552139836,55.58650775139769,40.55718823017458,68.80948598219585,0,0,0,0,0,16,16,1,1
254,1954,3,9,12,19790.5,51.688623715098004,170.565750195173,387,525,972.5980621674863,1012.5980621674863,40.0,37.833516781662624,9.87202627243547,1139.6070970426017,4080000,-0.8361987444058468,-7.383330795873211,24.29261680688808,94.85744727074685,97.91867306111138,0,0,0,0,0,19,19,1,1
254,1954,3,9,15,19790.625,51.036836198433704,173.77113411045846,378,529,971.7849621708546,1009.7849621708546,38.0,37.29041835441197,6.261420352633504,1083.4056051649022,3687500,-0.8130999966317904,-7.244960622648141,74.70270064557087,-24.158488367775252,78.51194841524256,0,0,0,0,0,14,14,1,1
254,1954,3,9,18,19790.75,51.89608569073923,176.04890881586502,371,526,971.5955526743859,1005.5955526743859,34.0,36.657367802785345,7.057965484117376,965.1188032803617,2926250,-0.18940949646872468,-1.667657113743767,52.09607763417793,31.84806142209554,61.059809377460915,0,0,0,0,0,16,16,1,1
254,1954,3,9,21,19790.875,52.671814657324795,177.72338501802918,366,523,971.7359705562191,1005.7359705562191,34.0,36.16010305663064,7.490131617370789,1001.6351494009859,3151875,0.14041788183327297,1.2234329258750976,37.63375357407039,28.752375178513816,47.360304966077585,0,0,0,0,0,13,13,1,1
254,1954,3,10,0,19791.0,53.64776661689753,-179.46118410211724,358,519,974.7330645043111,1000.7330645043111,26.0,31.76459116321101,5.881274640038537,864.6562005642348,2348750,2.9970939480919334,25.781945766673957,-61.85147856046307,36.17363551776807,71.65289461485666,0,0,0,0,0,17,17,1,1
254,1954,3,10,3,19791.125,54.55110599367253,-177.23867784056867,352,515,974.3810469502755,996.3810469502755,22.0,30.635644383817702,5.4391146237702195,771.9043452399288,1871875,-0.3520175540355558,-2.9938004814311396,47.77482254586025,33.48225191187895,58.33947944898856,0,0,0,0,0,15,15,1,1
254,1954,3,10,6,19791.25,55.159884153751264,-174.94110195601155,346,512,974.7006000469956,994.7006000469956,20.0,29.44894941877394,5.037965733342571,735.4779825620745,1699375,0.3195530967201921,2.6974478945727673,48.64848875282647,22.564347617588254,53.62672133686008,0,0,0,0,0,15,15,1,1
254,1954,3,10,9,19791.375,55.97053522379266,-172.89872827448528,341,508,974.9679093131996,988.9679093131996,14.0,28.82194298986489,4.839490083147102,523.5879959240755,861250,0.26730926620395623,2.2346584117550266,42.36192743483827,30.04676208919517,51.93592983705211,0,0,0,0,0,17,17,1,1
254,1954,3,10,12,19791.5,56.73271562790179,-170.76287060016324,336,504,976.5904506997956,988.5904506997956,12.0,26.635144974525154,6.709337827848941,491.0394472791585,757500,1.6225413865959855,13.444585547708549,43.424126667767595,28.250198041611927,51.804714710618946,0,0,0,0,0,17,17,1,1
254,1954,3,10,15,19791.625,57.25973850887107,-169.0018782137326,332,501,976.8975277744671,990.8975277744671,14.0,26.080030699255097,6.960446722828275,555.841284250407,970625,0.3070770746715425,2.529323622401613,35.299706206302794,19.534090196460657,40.344143788841926,0,0,0,0,0,15,15,1,1
254,1954,3,10,18,19791.75,58.03228149208835,-167.4932545845263,329,497,976.6875024074313,992.6875024074313,16.0,26.299719973940615,7.486559833433712,619.3249654676192,1205000,-0.21002536703585065,-1.715217047184444,29.60420968579047,28.634286782871442,41.18654647678021,0,0,0,0,0,18,18,1,1
254,1954,3,10,21,19791.875,58.66278376131237,-166.81885392834025,328,494,976.4058409372843,992.4058409372843,16.0,27.22118813149155,9.478203603132133,589.368868619697,1091250,-0.28166147014693704,-2.28469672803244,13.000050107955714,23.36955119186413,26.74204976658516,0,0,0,0,0,18,18,1,1
254,1954,3,11,0,19792.0,58.77940702896197,-165.91327568212853,326,493,977.3520621581339,999.3520621581339,22.0,26.812926093805036,9.17487967152585,867.9860090239124,2366875,0.9462212208495475,7.665787449644222,17.39788402140425,4.322638563782122,17.92683944746897,0,0,0,0,0,17,17,1,1
254,1954,3,11,3,19792.125,58.9474186080963,-165.40553365100087,325,492,978.4784222503279,998.4784222503279,20.0,25.71533591028831,11.663180155125156,818.3180451750711,2103750,1.126360092193936,9.109027353632396,9.707507921576575,6.227345072425989,11.53323617630976,0,0,0,0,0,15,15,1,1
254,1954,3,11,6,19792.25,59.05134649925168,-164.4871256729415,323,491,979.730056811139,997.730056811139,18.0,25.03294358880074,10.298080383255583,760.217986568619,1815625,1.2516345608110715,10.11111273447257,17.505998492159183,3.8520847444487116,17.92480237229672,0,0,0,0,0,15,15,1,1
254,1954,3,11,9,19792.375,59.21211176039664,-163.96766064606405,322,490,980.6888766925433,996.6888766925433,16.0,24.879469275403476,11.367025416057368,695.2935636417412,1518750,0.9588198814043426,7.7326801639100635,9.855330900115492,5.95876047333584,11.516699767266697,0,0,0,0,0,14,14,1,1
254,1954,3,11,12,19792.5,59.30308821041292,-163.03728216024456,320,489,983.8567119754028,997.8567119754028,14.0,22.38151660300628,10.113145943621202,696.4371393546951,1523750,3.1678352828595964,25.52380802255971,17.60405346719051,3.3720398953144346,17.924099741166764,0,0,0,0,0,9,9,1,1
254,1954,3,11,15,19792.625,59.38569097274653,-162.10176409167988,318,488,985.9991251264258,997.9991251264258,12.0,20.77751967296682,7.903629903063993,677.9084733043597,1443750,2.14241315102292,17.247056947870853,17.65829578800527,3.0616693661077545,17.921752967945054,0,0,0,0,0,9,9,1,1
254,1954,3,11,18,19792.75,60.47837991124509,-160.03567282174518,315,482,987.6628163975975,997.6628163975975,10.0,20.236121536433075,5.561410528135602,610.2643417692329,1170000,1.6636912711717013,13.24613994581214,37.73320989985814,40.50048878722273,55.3541752838095,0,0,0,0,0,9,9,1,1
254,1954,3,11,21,19792.875,60.9933899299839,-160.15062796567582,316,480,990.4058507458682,998.4058507458682,8.0,19.152398380754356,4.141229714296714,577.6058772696013,1048125,2.7430343482707396,21.730032826893247,-2.0661111318866947,19.088833751624755,19.200322632874546,0,0,0,1,0,16,16,1,2
254,1954,3,12,0,19793.0,61.13116239641809,-159.57542719655473,315,479,993.056712847453,999.056712847453,6.0,16.82310116044079,4.960801768979436,556.0202127225293,971250,2.6508621015847895,20.97195378175369,10.293298768540007,5.10653309959673,11.490373354930822,0,0,0,0,0,17,17,1,3
254,1954,3,12,3,19793.125,61.780937735883526,-159.0944306630845,315,476,994.2861144764432,1000.2861144764432,6.0,16.267460257564565,3.216894652204937,580.8687281605182,1060000,1.2294016289901628,9.666437275257243,8.42990166850601,24.083907069100736,25.516618542701945,0,0,0,0,0,14,14,1,3
254,1954,3,12,6,19793.25,61.99684400327695,-158.929254767451,315,475,996.6674457967492,1005.3086528733065,8.641207076557329,15.293519140836118,4.829004586374431,811.2371352970642,2067500,2.3813313203060535,18.686081394089328,2.874514805467116,8.002560521637436,8.503164720815404,0,0,0,0,0,10,11,2,0
254,1954,3,12,9,19793.375,62.427604084573446,-158.5913200945979,315,473,999.3427236539055,1014.3347984989919,14.992074845086318,13.839697199091287,4.580835701931428,1318.4725503101029,5461250,2.675277857156325,20.90964658837397,5.797678054141341,15.966111880389226,16.98616494081516,0,0,0,0,0,12,13,2,0
254,1954,3,12,12,19793.5,58.840408538355774,-149.60846693392887,290,478,997.1704834926011,1001.1704834926011,4.0,15.51592523544713,2.4958002772633336,283.852408727268,253125,0.8356849936091748,6.765918671328215,2.8816824198629414,-11.808975615507782,12.155492530399767,0,0,0,2,2,12,12,1,1
254,1954,3,12,15,19793.625,58.0007979760269,-149.5241519374192,288,481,997.9073019120353,1001.9073019120353,4.0,16.57299961370075,5.070972423969797,280.6807738882166,247500,0.7368184194342757,6.019450254810504,1.6560313118125787,-31.120144962718467,31.164175943000885,0,0,0,0,0,14,14,1,1
254,1954,3,12,18,19793.75,57.76142734659568,-148.82865097228014,286,481,999.1702194980031,1005.1702194980031,6.0,17.188919517560038,9.370191098085343,381.87133514830504,458125,1.262917585967807,10.344520678471646,13.751493607213558,-8.872266526822296,16.365228069055643,0,0,0,0,0,16,16,1,1
254,1954,3,12,21,19793.875,57.51708164232351,-148.1432161091918,284,481,1001.0308008845236,1007.0308008845236,6.0,17.390627840100823,13.018435063326326,411.7037944844188,532500,1.860581386520498,15.281206348023872,13.643986616860781,-9.056667554152423,16.376251035799168,0,0,0,0,0,17,17,1,1
254,1954,3,13,0,19794.0,57.590705590445,-147.59038294553517,283,480,1002.5254718598298,1010.5254718598298,8.0,18.052346898225448,11.84341316303944,626.6696275385075,1233750,1.4946709753062168,12.265910276354303,10.982267674646456,2.728869836883918,11.316224364346942,0,0,0,0,0,17,17,1,1
254,1954,3,13,3,19794.125,57.533429767342064,-146.69893760880268,281,479,1004.0675164228868,1010.0675164228868,6.0,17.462483958822276,12.377430750427447,379.51972741632983,452500,1.5420445630569883,12.66272064445731,17.7367415306156,-2.1229269828123933,17.863337288933923,0,0,0,0,0,18,18,1,1
254,1954,3,13,6,19794.25,57.59889515654016,-146.14288985833932,280,478,1005.3789468568227,1011.3789468568227,6.0,17.907278882834948,11.407043254768286,370.5011989410557,431250,1.3114304339358933,10.761183522571864,11.043639324256663,2.42647304987979,11.307065976019645,0,0,0,0,0,18,18,1,1
254,1954,3,13,9,19794.375,57.46808082300679,-145.8107563184702,279,478,1006.6654096088226,1012.6654096088226,6.0,18.67419271712153,9.696623829183736,361.25759969217836,410000,1.2864627519999339,10.571652345276572,6.620214868865383,-4.848630073766346,8.205879508144008,0,0,0,0,0,18,18,1,1
254,1954,3,13,12,19794.5,57.52852456617633,-145.25416467790419,278,477,1008.7849032332474,1014.7849032332474,6.0,18.272413483298745,9.082368221737852,405.6185676485321,516875,2.119493624424795,17.405474787924728,11.075826239031276,2.2403458626195296,11.300136125789377,0,0,0,0,0,14,14,1,1
254,1954,3,13,15,19794.625,57.394701567471074,-144.9262455066517,277,477,1009.7532739129773,1015.7532739129773,6.0,18.931466249111494,7.927855120670503,393.67134241106896,486875,0.9683706797298509,7.964207501425111,6.5493309283651575,-4.960146174795194,8.215642743241444,0,0,0,0,0,14,14,1,1
254,1954,3,13,18,19794.75,57.25973850887107,-144.600940758971,276,477,1011.7758697708111,1017.7758697708111,6.0,18.6791275656224,7.242855563117629,404.8821944524756,515000,2.022595857833803,16.659659426750377,6.521022457922274,-5.0024024669176805,8.218744693549663,0,0,0,0,0,17,17,1,1
254,1954,3,13,21,19794.875,56.986438560604064,-143.95813236286227,274,477,1013.4577720838852,1019.4577720838852,6.0,17.848664064532766,5.330366375784142,414.35298340953466,539375,1.681902313074097,13.896222419462994,12.981075309202854,-10.129855899837047,16.465791712962343,0,0,0,0,0,18,18,1,1
254,1954,3,14,0,19795.0,56.84812457255001,-143.64060641382395,273,477,1015.4336433388879,1019.4336433388879,4.0,17.41725353370015,4.926468944799999,324.40901053995987,330625,1.9758712550027122,16.350748051431104,6.436042038734583,-5.1266045851955075,8.228287288209279,0,0,0,0,0,22,22,1,1
254,1954,3,14,3,19795.125,56.38064702541492,-143.24632081446853,271,478,1016.4469160965892,1022.4469160965892,6.0,16.707507297925346,4.947411078934238,431.7525067632873,585625,1.013272757701343,8.430251793020382,8.091467085296033,-17.327043853888256,19.12323948255096,0,0,0,0,0,22,22,1,1
254,1954,3,14,6,19795.25,56.097836000164584,-142.63055422538275,269,478,1018.2125806680301,1024.2125806680301,6.0,16.096691236826672,4.0800751575898175,467.80128981369444,687500,1.765664571440866,14.73856916356338,12.730298246202366,-10.482383735661262,16.490629527671732,0,0,0,0,0,20,20,1,1
254,1954,3,14,9,19795.375,55.76864970788748,-142.5590669810412,268,479,1020.2823328842996,1024.2823328842996,4.0,14.67575974026781,4.388093611731092,364.00067324663405,416250,2.069752216269553,17.34413891779885,1.4905359505304592,-12.20128187404915,12.291988317185469,0,0,0,0,0,21,21,1,1
254,1954,3,14,12,19795.5,55.33551686562304,-141.66322962212064,265,479,1021.9088139811618,1025.9088139811618,4.0,11.59809731692064,2.547184854412844,396.6918829294488,494375,1.6264810968621168,13.700469081955191,18.8854095359631,-16.05405820764756,24.786921516710823,0,0,0,0,0,21,21,1,1
254,1954,3,14,15,19795.625,54.67395967833353,-141.5420381462119,263,481,1022.8054730530173,1024.8054730530173,2.0,9.967604652084455,2.6946104056889455,281.03494535262524,248125,0.8966590718555381,7.614202206005391,2.5973784025383035,-24.520600970612524,24.657782676590696,0,0,0,0,0,19,19,1,1
254,1954,3,14,18,19795.75,54.04684779061141,-140.91494636643102,260,482,1024.2361844992786,1024.2361844992786,0.0,8.183748307688395,1.6737883516781584,14.104739588693906,625,1.4307114462612662,12.244956656554915,13.646551446999391,-23.243886784397205,26.953787103883492,0,0,0,0,0,19,19,1,1
254,1954,3,14,21,19795.875,54.04684779061141,-140.91494636643102,260,482,,,,8.183748307688395,,0.0,0,0.0,,0.0,0.0,0.0,0,3,0,0,0,19,19,0,0
255,1954,3,11,6,19792.25,51.85337929116833,-20.495839518961454,301,203,990.1417515739103,992.1417515739103,2.0,7.93664237343987,11.917835289585055,141.75087853467357,63125,0.16464326980029,1.4504509413023725,6.3282851358543315,30.99039311252258,31.629917135986332,2,0,0,2,0,2,2,1,2
255,1954,3,11,9,19792.375,52.603758687846245,-20.535589747581046,302,206,991.1069449507224,993.1069449507224,2.0,8.569310459727447,12.681400729377126,171.01087916602197,91875,0.9651933768120944,8.417166971338458,-0.8947950839256649,27.81279398972995,27.827183971026894,0,0,0,0,0,1,1,1,2
255,1954,3,11,12,19792.5,48.2460943383997,-17.738680222850068,304,186,992.2317398102765,994.2317398102765,2.0,10.831906198625958,4.466616205518367,194.4204181260938,118750,-0.08820592736432445,-0.819167259118959,7.549059014571822,30.986106697139938,31.892430140270413,0,0,0,0,2,0,0,1,1
255,1954,3,11,15,19792.625,47.85920170663993,-17.25172745967469,305,184,991.9347386158994,995.9347386158994,4.0,11.580929089143625,3.8482518735608755,433.36224206596097,590000,-0.29700119437708056,-2.77503634054414,12.10997056211922,-14.340165935949445,18.769436488236906,0,0,0,0,0,0,0,1,1
255,1954,3,11,18,19792.75,47.93004896053406,-16.953491652034934,306,184,993.1070790257982,997.1070790257982,4.0,10.905074439923334,3.2889701498310746,499.87324458734105,785000,1.1723404098987522,10.94155112910493,7.406657716548114,2.6259517332418705,7.858384123687115,0,0,0,0,0,0,0,1,1
255,1954,3,11,21,19792.875,48.46051975928608,-16.83548229047334,307,186,994.0880679780965,1000.0880679780965,6.0,10.516485170596324,3.1729044362433347,725.2634603499022,1652500,0.9809889522983576,9.080160708595672,2.9005657806716916,19.661887184770755,19.874684639376195,0,0,0,0,0,0,0,1,1
255,1954,3,12,0,19793.0,47.20768125932616,-15.713259574550055,309,180,994.6993672232122,998.5379475883389,3.8385803651266905,10.154094728909365,2.165522969155936,575.5355986470404,1040625,0.6112992451156606,5.771442512771583,28.257133035785596,-46.43642836684076,54.35814057591392,0,0,0,0,0,1,0,2,0
255,1954,3,12,3,19793.125,46.93123834903304,-14.665842076336748,312,178,995.5502953666287,999.3148255954175,3.76453022878879,9.570992657942519,0.9219181098785341,627.462780150007,1236875,0.8509281434165313,8.069983718484503,26.510742851866706,-10.246349710484115,28.421948718329283,0,0,0,0,0,1,0,2,0
255,1954,3,12,6,19793.25,41.660871934529126,-9.214679909396366,326,153,992.8019068487514,1000.8019068487514,8.0,14.170335926866017,9.33791513860946,695.0073757046772,1517500,-0.5129187466661097,-5.346015854887453,7.480368511389743,1.4855741629061197,7.626456822121622,0,0,0,0,2,0,0,1,1
255,1954,3,12,9,19793.375,41.943310248708244,-8.986943401083453,327,154,994.1032478104062,1002.1032478104062,8.0,13.591770888640493,7.145482780424135,716.9870753275975,1615000,1.3013409616547869,13.488961958532549,6.278504730228552,10.468569208920053,12.206988282514706,0,0,0,1,0,1,1,1,2
255,1954,3,12,12,19793.5,44.64408279855217,-9.19938972975609,328,165,995.0319214147993,999.0319214147993,4.0,12.534096061901229,1.99614404544358,419.12679279387464,551875,0.928673604393116,9.156159561233487,-5.602462311580434,100.10406852117755,100.2607207157683,0,0,1,0,0,2,2,1,1
255,1954,3,12,15,19793.625,44.64408279855217,-9.19938972975609,328,165,,,,12.534096061901229,,0.0,0,0.0,,0.0,0.0,0.0,0,3,0,0,0,2,2,0,0
256,1954,3,10,15,19791.625,75.87549984105416,45.0,404,315,985.3781200882347,993.3781200882347,8.0,23.919630745941944,6.269302187505309,454.2076562354155,648125,0.07995856462381198,0.5712390239652043,34.11434161679347,13.000588958620856,36.50758300981183,2,0,0,2,0,7,7,1,2
256,1954,3,10,18,19791.75,76.16162537545377,48.94518622903757,406,319,985.0518489421619,1007.0518489421619,22.0,24.098821963540917,5.16828806613863,975.4730216723932,2989375,-0.3262711460728315,-2.3280459695286733,34.96891505866,10.605235936232884,36.54170288373194,0,0,2,0,0,7,7,1,3
256,1954,3,10,21,19791.875,76.42008284014408,51.709836807756936,407,322,984.6656069333019,1006.4206608223767,21.75505388907477,23.888624005588508,4.743503468307463,974.5548331935383,2983750,-0.38624200885999016,-2.7529256831682107,24.05829615587879,9.579719608992662,25.895417388234748,0,0,0,0,0,7,6,2,0
256,1954,3,11,0,19792.0,77.89637063978411,39.737604600404886,394,318,982.8845496878234,1006.8845496878234,24.0,23.865622787353985,8.685742277877798,1030.2254737406163,3334375,-1.7810572454784415,-12.620071293246717,-92.88404679637263,54.71857119574339,107.80337741914387,0,0,1,0,0,5,5,1,2
256,1954,3,11,3,19792.125,77.92143121334239,41.23596513509429,395,319,982.3160165459584,1008.3160165459584,26.0,23.892690578954745,12.822930796059737,1100.6216700611471,3805625,-0.5685331418650458,-4.028088688585567,11.620893338704821,0.9288695461614325,11.657956966095743,0,0,0,0,0,5,5,1,1
256,1954,3,11,6,19792.25,78.25630195222325,42.67846941016728,395,321,982.2398919503621,1008.2398919503621,26.0,23.58023084737933,16.38117652885405,1104.8612643743274,3835000,-0.07612459559633862,-0.5386824426826642,10.881955314125687,12.411975748421886,16.506789313432257,0,0,0,0,0,6,6,1,2
256,1954,3,11,9,19792.375,78.26490178191706,44.22577983507194,396,322,981.8682559151547,1013.8682559151547,32.0,23.800975478907247,19.403050091086552,1545.869163456212,7507500,-0.37163603520733884,-2.6297356529517213,11.664118990596968,0.31875247731976,11.668473549209525,0,0,0,0,0,5,5,1,2
256,1954,3,11,12,19792.5,78.42077432621237,46.56935480474898,397,324,982.2632792252512,1014.2632792252512,32.0,23.02889868947392,16.742785049514715,1541.6164204236172,7466250,0.39502331009643965,2.7936580442094447,17.43452320596905,5.777412042939257,18.366847561118725,0,0,0,0,0,3,3,1,2
256,1954,3,11,15,19792.625,78.72546205779275,48.22452260651991,397,326,982.1693359430611,1014.1693359430611,32.0,23.269489542202816,17.694647974969847,1517.5546206116358,7235000,-0.09394328219001181,-0.6636658132186858,11.993914834097243,11.293243320859004,16.473959382968758,0,0,0,0,0,4,4,1,3
256,1954,3,11,18,19792.75,78.55667373150226,48.97249594075066,398,326,982.3227633779265,1012.3227633779265,30.0,23.329544543434178,16.388698105663934,1290.949727081194,5235625,0.1534274348654435,1.08453546548325,5.500287200663528,-6.2561351867763,8.330209286986944,0,0,0,0,0,5,5,1,3
256,1954,3,11,21,19792.875,78.38595789147347,49.69868051729944,399,326,982.14971154347,1014.14971154347,32.0,23.27341186367418,15.778874747382432,1527.615577651955,7331250,-0.1730518344567099,-1.2239984974120832,5.418642963878742,-6.327578436355363,8.330662665011829,0,0,0,0,0,5,5,1,3
256,1954,3,12,0,19793.0,78.53024678219435,50.552971033036805,399,327,984.2987811759822,1013.4346055559104,29.135824379928234,20.642649399572853,12.850891740996447,1389.2273495249422,6063125,2.1490696325122554,15.192589993944717,6.296400455534649,5.348064206444724,8.261140929236843,0,0,0,0,0,6,7,2,0
256,1954,3,12,3,19793.125,80.35930438959763,70.30137862541973,400,345,985.3678344487671,1014.6248112858979,29.256976837130786,20.7576615738303,3.778824953387593,1659.870780693357,8655625,1.0690532727849495,7.512717920250102,121.99390112468016,67.79397549462595,139.5655223362281,0,0,1,0,0,7,6,2,0
256,1954,3,12,6,19793.25,74.94780598642146,71.29479007058386,423,338,981.6035921958324,1013.6035921958324,32.0,22.673667116866728,4.595651628321211,1579.4159646168562,7836875,-1.021219090065424,-7.326591292451685,34.93819474418301,22.539358424968494,41.57763978620787,0,0,0,0,2,4,4,1,2
256,1954,3,12,9,19793.375,75.36803293049896,73.51124629410876,422,341,980.5755717245831,1011.9198582523496,31.344286527766528,23.34087231350179,4.1299029570097625,1347.5748219221543,5705000,-1.0280204712493286,-7.3610660262794285,20.75136860696754,15.575701406921437,25.946517557849884,0,0,0,0,0,6,5,2,0
256,1954,3,12,12,19793.5,74.44705967164309,77.06739160326049,427,344,983.192635722815,1010.4759097225048,27.2832739996897,20.3387324947733,2.549442814619251,1285.0803392229136,5188125,2.617063998231897,18.820706844878206,35.33635270729658,-34.135851320026084,49.131600503111976,0,0,0,0,0,7,6,2,0
256,1954,3,12,15,19793.625,74.76355837266047,78.52447324857695,426,346,982.6637964383137,1009.1778493764807,26.514052938167005,21.30255268465277,2.1551386098889633,1236.9623414436307,4806875,-0.5288392845013005,-3.797385900137787,14.192760246671476,11.731016614241943,18.413342831303574,0,0,0,0,0,7,6,2,0
256,1954,3,12,18,19793.75,75.06960454473105,80.04192940153901,425,348,981.5656037668202,1008.091952047202,26.526348280381644,22.597827515088934,2.856063978499806,1203.870715870509,4553125,-1.0981926714934525,-7.874343519196442,14.490736039708521,11.343593884412263,18.402677880867845,0,0,0,0,0,8,7,2,0
256,1954,3,12,21,19793.875,75.32997338288608,80.75388725443676,424,349,980.5238990664336,1006.5238990664336,26.0,23.615501020755826,3.5481264613063104,1159.509112413001,4223750,-1.0417047003866173,-7.460346403547414,6.682948253496212,9.65056461972566,11.738619801254693,0,0,0,0,0,9,9,1,2
256,1954,3,13,0,19794.0,73.8447333502775,75.09424147644502,429,341,979.0525614779575,1011.0525614779575,32.0,25.053610400045383,4.440078860810245,1485.6248427267426,6933750,-1.4713375884761626,-10.612812935606625,-58.34606966504938,-55.05038549182425,80.21725991429307,0,0,1,0,0,9,9,1,1
256,1954,3,13,3,19794.125,74.32025931475349,78.8510103035582,428,346,978.8059301397561,1008.8059301397561,30.0,25.68524106222558,3.8957034884137096,1385.7143964048714,6032500,-0.246631338201405,-1.774755351207368,37.62598608686567,17.625358245829865,41.54958582588823,0,0,0,0,0,9,9,1,1
256,1954,3,13,6,19794.25,74.32025931475349,78.8510103035582,428,346,978.7811651780283,1006.7811651780283,28.0,25.918813626917057,4.926379942860295,1311.2857112121158,5401875,-0.024764961727778426,-0.17820828719231285,0.0,0.0,0.0,0,0,0,0,0,12,12,1,1
256,1954,3,13,9,19794.375,74.32025931475349,78.8510103035582,428,346,979.234379028107,1007.234379028107,28.0,26.070640459921055,5.293472145375199,1354.49570190969,5763750,0.45321385007875503,3.261319958503076,0.0,0.0,0.0,0,0,0,0,0,12,12,1,1
256,1954,3,13,12,19794.5,72.85192950829203,77.51191423105149,434,343,980.1054163525741,1008.1054163525741,28.0,24.78903862389141,4.2736532454384,1444.2041161897055,6552500,0.8710373244670336,6.3154716974078555,-14.63376092230945,-54.42360837316673,56.35668644524033,0,0,0,0,0,7,7,1,2
256,1954,3,13,15,19794.625,71.77420888295784,83.26951606538435,440,350,981.3337424013115,1003.3337424013115,22.0,22.83210871427698,5.140764572892513,1125.7314219516202,3981250,1.2283260487373626,8.959582563029103,66.71986322781098,-39.94568862578814,77.76373312107788,0,0,0,0,0,9,9,1,2
256,1954,3,13,18,19794.75,71.84151278583052,85.38364790644899,440,353,982.4986305310975,1002.4986305310975,20.0,21.162041837740418,5.767208536927355,1097.7257685253237,3785625,1.1648881297861227,8.4935780301398,24.419449099607277,2.4946175142737093,24.546539692405357,0,0,0,0,0,10,10,1,3
256,1954,3,13,21,19794.875,72.11031839847719,87.47917209228984,439,356,983.9298956498579,999.9298956498579,16.0,19.137716191831665,6.709838427235882,980.7612794720449,3021875,1.4312651187603478,10.41990051502714,23.85804307551138,9.963273459964327,25.854845530982892,0,0,0,0,0,11,11,1,3
256,1954,3,14,0,19795.0,72.35128765664648,88.90530940814698,438,358,985.2977248730516,993.2977248730516,8.0,18.062947517630935,8.359473254244731,349.7861668246681,384375,1.367829223193694,9.944661738162942,16.025650997561833,8.931519661908741,18.346485586256485,0,0,0,2,0,15,15,1,1
256,1954,3,14,3,19795.125,72.58084951447438,89.63035493815298,437,359,985.8360152225865,993.8360152225865,8.0,17.512493460512072,9.408460663749356,375.5676614342511,443125,0.5382903495349456,3.9086336089402334,8.04488282879086,8.508704647187972,11.709747841095991,0,0,0,0,0,15,15,1,1
256,1954,3,14,6,19795.25,72.80744962280755,90.37447688672282,436,360,986.9293166924696,994.9293166924696,8.0,16.429128429632755,10.810374658603177,408.55078823522695,524375,1.0933014698830084,7.928903541044552,8.152404810629502,8.398927474585218,11.704857407064706,0,0,0,0,0,13,13,1,1
256,1954,3,14,9,19795.375,72.80448825549139,91.12330271407544,436,361,987.113396299278,993.113396299278,6.0,16.592974972502013,11.813070667396023,341.7307997440064,366875,0.18407960680837276,1.3350140193795144,8.205309031705529,-0.10976300716255195,8.206043152672894,0,0,0,0,0,15,15,1,1
256,1954,3,14,12,19795.5,72.57207860739152,91.8476102659946,437,362,,,,16.827713096729934,,0.0,0,0.10653149570003734,,8.040615653181197,-8.61425792398459,11.783757450962481,0,2,2,0,0,14,12,0,0
261,1954,3,12,9,19793.375,31.14323890433816,-3.0848123304975923,346,109,1002.6645596026464,1004.6645596026464,2.0,7.550621710232675,6.297709960410285,155.15213547563297,75625,,,,,,3,0,0,0,0,0,0,1,1
261,1954,3,12,12,19793.5,30.93196551621029,-2.163225638710931,350,108,1001.3275702101511,1005.3275702101511,4.0,8.180777208702738,9.7484378862242,309.01936161855167,300000,-1.3369893924953067,-18.02057550028891,29.300411087045898,-7.830842964941832,30.328801351379862,0,0,0,0,0,0,0,1,1
261,1954,3,12,15,19793.625,31.492595131599675,0.5740867946578455,362,110,998.9246736227007,1002.9246736227007,4.0,7.8431622792092845,9.42504640133353,315.70679927948885,313125,-2.4028965874503774,-31.86854262481505,86.51212742643669,20.779722985996578,88.97272098358448,0,0,0,0,0,0,0,1,1
261,1954,3,12,18,19793.75,31.685390488200994,2.649624527921711,371,111,999.2962379846805,1005.2962379846805,6.0,7.6604908402263785,6.247446613234206,593.4056888763525,1106250,0.37156436197983567,4.901000330876404,65.4620083373634,7.145955178231755,65.85088618211854,0,0,0,0,0,0,0,1,1
261,1954,3,12,21,19793.875,31.576506329736787,4.257626466179024,378,111,1000.4287817351211,1004.4287817351211,4.0,8.257745423480328,2.994735728629457,338.80747144215917,360625,1.1325437504406728,14.984615279971399,50.775740211151835,-4.0357886710605895,50.935875217648345,0,0,0,0,0,0,0,1,1
261,1954,3,13,0,19794.0,32.186842371870426,5.9300276241347305,385,114,1001.2314644097554,1003.2314644097554,2.0,7.995906044259224,4.3124451929293715,179.5240261806447,101250,0.8026826746342703,10.439904740947195,52.460461345143926,22.622090477860155,57.130193261828126,0,0,0,0,0,0,0,1,1
261,1954,3,13,3,19794.125,32.9599329846976,7.89746415661204,393,118,1001.1261439824841,1003.1261439824841,2.0,8.20668076523936,7.402792082076921,160.81877456451716,81250,-0.10532042727136286,-1.3411967297660587,61.18523204315114,28.654584660971434,67.56269564091585,0,0,0,0,0,0,0,1,1
261,1954,3,13,6,19794.25,33.23598431429769,9.365309467153033,399,120,1002.4705435340662,1004.4705435340662,2.0,8.621206306831429,7.728752322795844,175.0352151573787,96250,1.3443995515821734,16.994100261844668,45.5056142135424,10.231835781671414,46.64173440616079,0,0,0,0,0,0,0,1,1
261,1954,3,13,9,19794.375,34.495468612907786,9.561346961680382,399,125,1004.3049471129359,1004.3049471129359,0.0,7.836230381188645,2.1928409577285493,14.104739588693906,625,1.8344035788696784,22.440754814292827,5.988528389515754,46.68275473130799,47.065295723871685,0,0,0,0,0,0,0,1,1
261,1954,3,13,12,19794.5,35.36395768186517,10.44696507324966,402,129,1003.309363176474,1005.309363176474,2.0,8.554685275071668,5.365569461693376,216.2215635251125,146875,-0.9955839364619169,-11.917736155307553,26.76877412445203,32.190526104772516,41.866421378331026,0,0,0,0,0,0,0,1,1
261,1954,3,13,15,19794.625,35.36395768186517,10.44696507324966,402,129,,,,8.554685275071668,,0.0,0,0.0,,0.0,0.0,0.0,0,3,0,0,0,0,0,0,0
266,1954,3,12,12,19793.5,69.55260716097001,-123.77754193055517,284,410,1005.7944965119713,1005.7944965119713,0.0,12.21674944249768,3.0947744220173625,14.104739588693906,625,,,,,,3,0,0,0,0,9,9,1,1
266,1954,3,12,15,19793.625,69.77183816226773,-120.41705767051592,282,405,1005.881998149625,1005.881998149625,0.0,12.974213582963792,2.2035610428903603,14.104739588693906,625,0.08750163765376782,0.6460771037165348,43.0610704741138,8.125791702504237,43.821048380533774,0,0,0,3,0,9,9,1,1
266,1954,3,12,18,19793.75,71.01404163278914,-119.45019583029841,286,401,1006.005287270853,1008.005287270853,2.0,13.141311570740264,3.141855584953009,349.7861668246681,384375,0.1232891212280083,0.903313866218284,11.658863532899055,46.04224126074854,47.49544272024147,0,0,0,0,0,12,12,1,1
266,1954,3,12,21,19793.875,72.25624442171224,-116.72736173301469,289,395,1007.1205978545311,1009.1205978545311,2.0,12.839173575554945,3.554335305030181,380.8279688947355,455625,1.1153105836780741,8.113043835941548,30.75434648580121,46.04221599732325,55.36890356249509,0,0,0,0,0,12,12,1,1
266,1954,3,13,0,19794.0,72.45553818735999,-115.4160062297518,289,393,1006.3980973063378,1010.3980973063378,4.0,13.721776170345775,3.135575132285958,474.76645643294637,708125,-0.7225005481932021,-5.249835583114937,14.651590693324922,7.386818550639595,16.40835756999459,0,0,0,0,0,12,12,1,1
266,1954,3,13,3,19794.125,73.20581300161867,-111.58788583069733,290,387,1005.9454072480469,1009.9454072480469,4.0,14.19676750268173,2.4723352015699493,417.9384524584394,548750,-0.4526900582910457,-3.276056406732005,40.98971721833337,27.808917644917585,49.532744909006844,0,0,0,0,0,12,12,1,1
266,1954,3,13,6,19794.25,73.65704474610216,-109.68031308969037,291,384,1005.2813037468391,1011.2813037468391,6.0,14.459768889315713,3.861687570864669,493.06102621569084,763750,-0.6641035012077191,-4.7947789678811965,19.89432276208859,16.724893575846632,25.99050102028724,0,0,0,0,0,15,15,1,1
266,1954,3,13,9,19794.375,73.94570509762984,-109.1954676000529,292,383,1005.8919588365357,1011.8919588365357,6.0,13.42384175647191,4.633397114909749,480.5971401934401,725625,0.61065508969652,4.402437341444224,4.969773940991501,10.69918887110376,11.797088434190393,0,0,0,0,0,14,14,1,1
266,1954,3,13,12,19794.5,74.2201766367407,-106.11341823308929,292,379,1005.4628019118703,1013.4628019118703,8.0,13.619622254313088,3.8606531872716734,563.8368547958363,998750,-0.42915692466529437,-3.0897263857150143,31.062050762469685,10.17328088581777,32.68557237608038,0,0,0,0,0,9,9,1,1
266,1954,3,13,15,19794.625,74.39491770928512,-103.73626830562257,292,376,1006.1398735808449,1012.1398735808449,6.0,12.097667977003702,2.7147259076151387,495.47603344586565,771250,0.6770716689745313,4.870420096121765,23.700208114811254,6.4767735811225755,24.569258448445137,0,0,0,0,0,10,10,1,1
266,1954,3,13,18,19794.75,74.49609777836802,-102.12373824778939,292,374,1006.931861419644,1010.931861419644,4.0,12.045144746311427,3.6875160776462144,303.16988576632997,288750,0.7919878387991048,5.694253784710514,15.975839667894206,3.7502367865213957,16.410110573949233,0,0,0,0,0,11,11,1,1
266,1954,3,13,21,19794.875,74.43727010137432,-98.71473287486116,291,370,1008.4782438422666,1012.4782438422666,4.0,11.029821925122622,3.872017680879726,344.91784523447285,373750,1.546382422622555,11.121392049520434,33.89547172488911,-2.1804464093280496,33.96553179322692,0,0,0,0,0,12,12,1,1
266,1954,3,14,0,19795.0,74.49937235539122,-97.07353767496139,291,368,1008.2020283974837,1012.2020283974837,4.0,12.336593231857767,5.54992716999448,309.98354293693046,301875,-0.27621544478286525,-1.98590916693844,16.25646627819344,2.3018185266234723,16.41861944207087,0,0,0,0,0,17,17,1,1
266,1954,3,14,3,19795.125,74.49937235539122,-97.07353767496139,291,368,1009.8453145744502,1013.8453145744502,4.0,11.865994530307395,6.003678108788445,391.6447068515214,481875,1.6432861769665033,11.814752376741264,0.0,0.0,0.0,0,0,0,0,0,17,17,1,1
266,1954,3,14,6,19795.25,74.49937235539122,-97.07353767496139,291,368,1011.4470464880897,1013.4470464880897,2.0,11.675608534734877,6.533952380863703,209.20709679710012,137500,1.6017319136395236,11.515989240844592,0.0,0.0,0.0,0,0,0,0,0,15,15,1,1
266,1954,3,14,9,19795.375,73.48681639552062,-89.61023880468194,286,359,1013.2140630654239,1015.2140630654239,2.0,9.015897626297445,6.467165801312803,273.1371076480198,234375,1.7670165773342887,12.768911924923874,78.57624402648544,-37.530361893773716,87.07901118632095,0,0,0,0,0,14,14,1,1
266,1954,3,14,12,19795.5,75.17184869791468,-82.60599135740172,294,351,1013.7648048761388,1015.7648048761388,2.0,9.561932170048768,29.693988054957366,44.60310290381928,6250,0.550741810714826,3.947098398357076,66.4015082559334,62.4556810861397,91.15850151574662,0,0,0,0,0,11,11,1,1
266,1954,3,14,15,19795.625,75.17184869791468,-82.60599135740172,294,351,,,,9.561932170048768,,0.0,0,0.0,,0.0,0.0,0.0,0,3,0,0,0,11,11,0,0
268,1954,3,12,15,19793.625,35.099332281665944,-167.11483060029676,307,589,1017.5522857893654,1021.5522857893654,4.0,7.685709577660608,3.6723211588551936,391.89860944341075,482500,,,,,,3,0,0,0,0,18,18,1,1
268,1954,3,12,18,19793.75,35.72391860140325,-166.4707855929883,305,586,1016.4991236285194,1020.4991236285194,4.0,9.748278514471924,5.541021969332069,294.85316288611835,273125,-1.0531621608459683,-12.496607763645867,19.37981034856263,23.150276668794827,30.191262957816146,0,0,0,0,0,19,19,1,1
268,1954,3,12,21,19793.875,36.09421690018247,-165.87371609360287,303,584,1015.6580649600015,1021.6580649600015,6.0,11.851606054095868,5.177303069457557,394.6807577665683,489375,-0.8410586685179442,-9.891154284703397,17.88240009502912,13.725097389786676,22.542371914193644,0,0,0,0,0,20,20,1,1
268,1954,3,13,0,19794.0,33.31410774568874,-165.30455454000906,298,594,1015.2767355142356,1019.2767355142356,4.0,9.610992975820876,6.476103667328716,323.1801841141507,328125,-0.38132944576587763,-4.810251871430787,17.62928364657991,-103.04467783259884,104.54184459591124,0,0,0,0,0,19,19,1,1
268,1954,3,13,3,19794.125,33.292986538051345,-164.33045250633472,294,593,1013.606752457855,1015.606752457855,2.0,9.990403638051836,5.330889345713003,190.8053805118479,114375,-1.6699830563805882,-21.07770052949724,30.179198355359723,-0.7828570446279948,30.18935041574215,0,0,0,0,0,20,20,1,1
268,1954,3,13,6,19794.25,33.00833856054289,-163.42465051582354,290,593,1013.1759727459688,1017.1759727459688,4.0,10.79185872656742,4.858034540257868,334.3745617149374,351250,-0.43077971188628,-5.478602402304058,28.15438183444718,-10.550470326191578,30.0662874426441,0,0,0,0,0,20,20,1,1
268,1954,3,13,9,19794.375,33.743963173895054,-163.22097255586786,290,590,1012.4735897555511,1016.4735897555511,4.0,12.811259242611966,3.542348433057705,326.54833007009836,335000,-0.7023829904176818,-8.760403819805278,6.277469868198223,27.265908306541903,27.979213422233432,0,0,0,0,0,20,20,1,1
268,1954,3,13,12,19794.5,32.13991231655562,-162.44532679310387,285,595,1012.2497632928572,1014.2497632928572,2.0,10.779858204188224,3.008218956483033,247.93869558672074,193125,-0.22382646269383258,-2.9149409362887018,24.34345409812622,-59.45410580533309,64.24480099229291,0,0,0,0,0,18,18,1,1
268,1954,3,13,15,19794.625,32.061748133336025,-162.22443640716,284,595,1011.4031762247204,1013.4031762247204,2.0,11.205152646653119,3.4534769194806,267.6186174229157,225000,-0.8465870681368688,-11.049291044083084,6.9385404310195025,-2.8971535397786217,7.519098479601401,0,0,0,0,0,19,19,1,1
268,1954,3,13,18,19794.75,31.245433741594763,-162.21611155730747,283,598,1011.0073859272728,1013.0073859272728,2.0,11.183027197558502,3.2815061920937296,270.20793871277544,229375,-0.39579029744752914,-5.28646333800491,0.26380466766221417,-30.256672969522334,30.2578229898865,0,0,0,0,0,21,21,1,1
268,1954,3,13,21,19794.875,30.758137450906112,-161.6368503619424,280,599,1011.7880723287569,1013.7880723287569,2.0,11.001725566491963,1.4694868626971584,297.87393436440806,278750,0.7806864014841267,10.576053860465752,18.450135394936925,-18.06162509909663,25.819174992857956,0,0,0,0,0,22,22,1,1
268,1954,3,14,0,19795.0,30.01689030342254,-161.13906810043486,277,601,1009.691832413644,1011.691832413644,2.0,10.335871583261207,1.4758470664863852,384.46736323984356,464375,-2.0962399151129647,-29.03153024804245,15.975684792018901,-27.47430739664144,31.781442250141676,0,0,0,0,0,26,26,1,1
268,1954,3,14,3,19795.125,29.523366045792592,-161.28315539748456,277,603,1008.7776299479909,1010.7776299479909,2.0,10.09679662592626,1.510282048755471,364.81957343404355,418125,-0.9142024656530703,-12.853200686156201,-4.647141622567149,-18.292464541490723,18.87353131403584,0,0,0,1,0,28,28,1,2
268,1954,3,14,6,19795.25,30.25075127746018,-160.35375374636132,274,599,1009.1878930159686,1011.1878930159686,2.0,11.341128759016568,2.107278439569782,325.3275843762874,332500,0.41026306797764844,5.64205801786153,29.757310629978974,26.96051582587084,40.15428930420873,0,0,1,0,0,24,24,1,1
268,1954,3,14,9,19795.375,31.90041587679088,-161.05349531049094,279,594,1009.0240209930165,1013.0240209930165,4.0,13.370911450122936,13.662109640919734,511.4791664450302,821875,-0.16387202295212774,-2.148453972795624,-22.018710464595788,61.14477803690097,64.98851815286748,0,0,0,1,0,23,23,1,2
268,1954,3,14,12,19795.5,31.07723100253454,-162.50305947415617,284,599,1008.7973603337235,1010.7973603337235,2.0,12.426250448407306,8.25578244012002,287.6813695875796,260000,-0.22666065929297474,-3.0421781644103545,-46.016267494283724,-30.511327235948116,55.21266126355967,0,0,1,0,0,25,25,1,1
268,1954,3,14,15,19795.625,30.063823225958984,-163.48367124819418,287,604,1009.1238818891745,1011.1238818891745,2.0,10.957411988042251,5.078258096705613,342.6029342114174,368750,0.32652155545103595,4.515705702177452,-31.456504228937312,-37.56193445911467,48.99398512691101,0,0,0,1,0,23,23,1,2
268,1954,3,14,18,19795.75,29.025116882014196,-162.1246991120616,280,606,1010.0371546530596,1012.0371546530596,2.0,10.107862984510769,1.2621345657912753,354.3070156851716,394375,0.9132727638850338,13.04087144405494,44.04387758598416,-38.49962524005965,58.49858371306263,0,0,1,0,0,22,22,1,1
268,1954,3,14,21,19795.875,29.021075776949502,-160.72561264336568,274,604,1011.0818264592573,1013.0309281358603,1.9491016766030225,9.626803961485088,1.1348879432334797,371.3057627526865,433125,1.0446718061977298,14.919050672279784,45.345730573602495,-0.1497834604105,45.34597795106817,0,0,0,1,0,20,21,2,0
268,1954,3,15,0,19796.0,27.580042261399054,-163.41486996866658,284,613,1010.6264502806229,1012.6264502806229,2.0,7.515247587709385,1.7244270967932243,423.14218766081717,562500,-0.4553761786344694,-6.814309148585483,-88.34868368036473,-53.411872017994156,103.23913008409036,0,0,1,0,0,22,22,1,1
268,1954,3,15,3,19796.125,27.251529425879784,-163.26977949608525,283,614,1009.0744911484741,1011.0744911484741,2.0,7.638567733405966,1.8942204588636375,400.68385148886324,504375,-1.5519591321487678,-23.481859685786645,4.780867998571296,-12.176320215787012,13.081264190327577,0,0,0,0,0,18,18,1,1
268,1954,3,15,6,19796.25,27.251529425879784,-163.26977949608525,283,614,,,,7.638567733405966,,0.0,0,0.0,,0.0,0.0,0.0,0,3,0,0,0,18,18,0,0
269,1954,3,12,18,19793.75,26.201634147624535,-98.85114384115019,93,401,999.2706745943105,1001.2706745943105,2.0,7.826078861407945,3.3969522706139834,330.48461340403304,343125,,,,,,3,0,0,0,0,11,11,1,4
269,1954,3,12,21,19793.875,22.67184879328268,-98.84626229962639,80,403,996.4268759741651,1000.4268759741651,4.0,10.042360947236485,9.834982384171308,417.9384524584394,548750,-2.8437986201453898,-51.114996887872145,0.1669529934326995,-130.83140784902682,130.83151437272448,0,0,1,0,0,13,13,1,1
269,1954,3,13,0,19794.0,22.67184879328268,-98.84626229962639,80,403,996.1376368187022,1002.1376368187022,6.0,10.478981232285362,16.53273459363365,584.1133530858978,1071875,-0.2892391554630012,-5.198841586956751,0.0,0.0,0.0,0,0,2,0,0,14,14,1,3
269,1954,3,13,3,19794.125,21.63754340753609,-98.5258241887001,76,402,999.589257316798,999.589257316798,0.0,8.66253260111727,14.494018962137853,14.104739588693906,625,3.451620498095872,64.85311023165265,11.040114655131013,-38.33650383205479,39.89450661010348,0,0,0,2,0,13,13,1,1
269,1954,3,13,6,19794.25,21.407423580823224,-98.29919909737743,75,401,999.8386632139412,1005.8386632139412,6.0,9.463248165350262,14.08922357121235,619.4855579675225,1205625,0.24940589714315137,4.734101322739244,7.820334571324501,-8.529385750265197,11.571864762616272,0,0,2,0,0,16,16,1,2
269,1954,3,13,9,19794.375,20.540492689793055,-97.01499685202994,71,395,998.918643909815,1006.918643909815,8.0,9.946189740974996,10.880572148786378,708.7543926733679,1578125,-0.9200193041261809,-18.166540309094593,44.57268227600379,-32.13277227800041,54.94760285533313,0,0,0,0,0,15,15,1,2
269,1954,3,13,12,19794.5,20.300694577218678,-96.79594401601895,70,394,1000.43536123191,1008.43536123191,8.0,9.474265622387321,17.56683241017825,730.1842639757785,1675000,1.5167173220949188,30.28740760568119,7.614861886737541,-8.888111179070554,11.704043826199856,0,0,0,0,0,11,11,1,2
269,1954,3,13,15,19794.625,20.84596478357403,-96.84277341263095,72,394,1004.4548142940365,1008.4548142940365,4.0,7.7324748384654125,3.226419542733347,550.9882520959865,953750,4.0194530621265585,78.25503887522991,-1.6221103804691093,20.21042686571545,20.275418520485797,0,0,0,0,0,12,12,1,1
269,1954,3,13,18,19794.75,22.216334957759244,-98.38639389309043,78,401,1004.6652112551857,1006.6652112551857,2.0,8.825115662786507,5.543676441857096,267.24666641978536,224375,0.21039696114923573,3.855209329322731,-52.9666016660556,50.79273699813884,73.38503269613435,0,0,0,0,0,14,14,1,1
269,1954,3,13,21,19794.875,21.866115672951455,-98.75378239544193,77,403,1002.1153714882446,1006.1153714882446,4.0,9.504378750511698,14.73669502816163,400.93202980407324,505000,-2.5498397669411497,-47.43275554179002,-12.637572895690285,-12.98086922790398,18.116600525645815,0,0,0,0,0,15,15,1,1
269,1954,3,14,0,19795.0,21.866115672951455,-98.75378239544193,77,403,,,,9.504378750511698,,0.0,0,0.0,,0.0,0.0,0.0,0,3,0,0,0,15,15,0,0
284,1954,3,13,9,19794.375,61.597857909913984,-123.62675729814066,255,429,1008.3678608332447,1012.3678608332447,4.0,10.430701415508008,6.680073112785322,444.6909227673531,621250,,,,,,3,0,0,0,0,17,17,1,1
284,1954,3,13,12,19794.5,58.03725508854668,-121.94069097417469,240,434,1008.6598849311372,1014.6598849311372,6.0,13.245396782292081,6.919635325957061,509.3354074083103,815000,0.29202409789257217,2.3847480249237027,33.081451537286284,-131.97365651078198,136.05671041385534,0,0,0,0,0,13,13,1,1
284,1954,3,13,15,19794.625,57.4648164197401,-122.7472404844526,239,437,1008.4658516910662,1016.4658516910662,8.0,13.980100404870191,8.293757452426798,576.7441643068972,1045000,-0.1940332400710031,-1.594547922807978,-16.077816079536703,-21.217425262152155,26.620956118111565,0,0,0,0,0,13,13,1,1
284,1954,3,13,18,19794.75,58.03228149208835,-119.56827663536997,237,429,1009.3712898228821,1013.3712898228821,4.0,14.458573114388535,4.6042274441415065,336.7460422231796,356250,0.9054381318158994,7.394454016577771,62.37737422839074,21.03307903103752,65.82801249585602,0,0,0,0,0,15,15,1,1
284,1954,3,13,21,19794.875,58.05549748731985,-118.65919436885335,236,427,1008.0826462120417,1014.0826462120417,6.0,15.557003878699582,7.261779034573992,373.1763325901154,437500,-1.2886436108403723,-10.52132372433402,17.82786770737986,0.8605002955824107,17.8486225729196,0,0,0,0,0,16,16,1,1
284,1954,3,14,0,19795.0,58.070429965494945,-117.74905611521503,235,425,1011.1685463256306,1015.1685463256306,4.0,14.574034348315918,6.524221285518653,298.20768677650904,279375,3.0859001135888686,25.19120076948984,17.841115173813463,0.5534719384337848,17.849698087976464,0,0,0,0,0,20,20,1,1
284,1954,3,14,3,19795.125,58.285147867351874,-116.10669471907757,234,421,1012.0936785671312,1016.0936785671312,4.0,14.580100020872948,7.360839966017665,267.6186174229157,225000,0.9251322415005415,7.534610953050016,32.00023758501379,7.958513782084903,32.9750382428431,0,0,0,0,0,20,20,1,1
284,1954,3,14,6,19795.25,58.276801418007935,-115.19021639650857,233,419,1014.3226162347642,1018.3226162347642,4.0,13.131572844156596,5.278656868260223,303.49781434869413,289375,2.2289376676329993,18.15490755266172,17.86143881068183,-0.30936094084739846,17.86411768264677,0,0,0,0,0,17,17,1,1
284,1954,3,14,9,19795.375,58.79803508338376,-115.16787014978162,235,418,1015.736348009385,1017.736348009385,2.0,12.836008146283099,7.085113699442737,195.94930472170537,120625,1.4137317746208282,11.451056516764188,0.4290869448250973,19.319513062046493,19.32427749130105,0,0,0,0,0,18,18,1,1
284,1954,3,14,12,19795.5,58.44913457217833,-113.52320902045962,232,415,1017.9804794397828,1019.9804794397828,2.0,11.667441824617056,4.1459415733125935,214.83699284957805,145000,2.244131430397829,18.244821688602336,31.896494769822738,-12.931988916579025,34.418348535916884,0,0,0,1,0,17,17,1,2
284,1954,3,14,15,19795.625,58.02067910275884,-113.1985905136482,230,415,1018.6954749820044,1020.6954749820044,2.0,11.355092635003937,6.175558301265774,198.97183743964612,124375,0.7149955422215862,5.839902057992139,6.372287159226093,-15.880691497519937,17.11147001514013,0,0,0,0,0,15,15,1,2
284,1954,3,14,18,19795.75,57.19163057348859,-113.45902408146156,227,417,1020.5902822282103,1022.5902822282103,2.0,9.856390962430519,6.239364588632379,163.27416503504918,83750,1.8948072462058918,15.619042794001723,-5.2302717587846965,-30.7286634656617,31.170603155162603,0,0,0,2,0,17,17,1,1
284,1954,3,14,21,19795.875,57.19163057348859,-113.45902408146156,227,417,1021.1041708970308,1023.1041708970308,2.0,9.251739686661734,9.570989457938268,384.20854977177817,463750,0.5138886688205822,4.236024073547948,0.0,0.0,0.0,0,0,0,0,0,16,16,1,1
284,1954,3,15,0,19796.0,57.19163057348859,-113.45902408146156,227,417,,,,9.251739686661734,,0.0,0,0.0,,0.0,0.0,0.0,0,3,0,0,0,16,16,0,0
288,1954,3,13,15,19794.625,65.00141245994234,65.1706534118504,460,313,1001.8090762459801,1003.8090762459801,2.0,7.804966329027255,5.0201035658701585,218.96444142013897,150625,,,,,,3,0,0,0,0,6,6,1,1
288,1954,3,13,18,19794.75,64.94961140463639,67.47943439710312,462,317,999.3129069704778,1001.3129069704778,2.0,9.529085297578611,4.031422944872029,211.57109383040859,140625,-2.496169275502325,-19.089618360870453,36.23170151469186,-1.9200048482856227,36.28253868277639,0,0,0,0,0,7,7,1,1
288,1954,3,13,21,19794.875,64.93512497135987,70.2593905198089,464,322,996.6402949135464,1000.6402949135464,4.0,11.3602992480562,4.669430875593608,310.9447345242019,303750,-2.6726120569313934,-20.441392327934253,43.64836248628332,-0.5369392951742323,43.65166493434915,0,0,0,0,0,9,9,1,1
288,1954,3,14,0,19795.0,65.21171486271861,73.8754433962281,465,329,994.0320438757622,998.0320438757622,4.0,13.160672451806933,6.154305753980443,250.73133533983872,197500,-2.608251037784212,-19.904422635805616,56.18614118800225,10.251797560087118,57.11376204393414,0,0,0,0,0,13,13,1,1
288,1954,3,14,3,19795.125,65.33533789695082,77.04468071873421,466,335,992.1731706608288,996.1731706608288,4.0,13.781467198389656,4.844605650951562,249.13937425834396,195000,-1.85887321493341,-14.171585694802657,49.014894135815666,4.582084741009119,49.22860294299449,0,0,0,0,0,14,14,1,1
288,1954,3,14,6,19795.25,65.87214826159278,80.58171758308085,465,342,990.6039899567243,994.6039899567243,4.0,14.208125843367046,4.260827730694509,251.5235374254831,198750,-1.5691807041045103,-11.912315368731187,53.58327813063687,19.89686303946794,57.15813900081538,0,0,0,0,0,12,12,1,1
288,1954,3,14,9,19795.375,66.76668040101129,84.15107835407105,462,349,989.1633091174898,993.1633091174898,4.0,14.5421062409691,7.3436169415143375,221.67338288487116,154375,-1.4406808392344101,-10.862186821103082,52.181412984386235,33.15581187461332,61.82400603415975,0,0,0,0,0,13,13,1,1
288,1954,3,14,12,19795.5,67.29884528499116,86.29945694482167,460,353,986.5532241713138,998.5532241713138,12.0,17.08863033509125,8.570381871823265,812.462384651521,2073750,-2.6100849461760665,-19.601739609529606,30.729492098402982,19.724678412317243,36.51526561720652,0,0,2,0,0,12,12,1,2
288,1954,3,14,15,19795.625,67.5613525931276,87.98540121212943,459,356,986.2952450217693,994.2952450217693,8.0,16.80536249521868,9.889355197181285,570.6757418199855,1023125,-0.25797914954440787,-1.9337376067113512,23.85112051360445,9.729826957297202,25.759376591319718,0,0,0,0,0,11,11,1,2
288,1954,3,14,18,19795.75,67.80359257448173,90.29083902235055,458,360,987.2397547863294,993.077471146449,5.837716360119666,15.183723586538516,8.261790527292323,521.303237405458,853750,0.9445097645600617,7.067497642403911,32.2800437775691,8.978618985684225,33.50547455524047,0,0,0,0,0,11,13,2,0
288,1954,3,14,21,19795.875,70.05745338317833,92.91083782616775,448,364,986.514558001407,990.4120068639307,3.897448862523743,14.59140978829621,10.78735086879773,423.846837920229,564375,-0.7251967849224457,-5.344811761323533,33.11957015173662,83.53929576335456,89.86500911741473,0,0,0,0,0,13,14,2,0
288,1954,3,15,0,19796.0,69.83017592346529,92.87836949973403,449,364,987.3098397548581,988.838542781478,1.5287030266199144,13.174116517414118,10.600654309105812,286.98899464971794,258750,0.7952817534511268,5.869843212637961,-0.4149499870275906,-8.424033486917814,8.434247072527986,0,0,0,0,0,11,12,2,0
288,1954,3,15,3,19796.125,69.51503505862469,95.99252744787897,450,369,,,,12.769768923895754,,0.0,0,-0.5812920154615131,,40.390367453748595,-11.680688449551186,42.045454756778554,0,2,2,0,0,11,9,0,0
290,1954,3,13,12,19794.5,39.96339168941063,158.12472405756324,440,560,1005.0915237900481,1007.0915237900481,2.0,7.911068193159308,6.70135538156639,193.39444569737623,117500,,,,,,3,0,0,0,0,16,16,1,1
290,1954,3,13,15,19794.625,40.964126714079164,159.42814032332075,434,558,1002.1743708568697,1004.1743708568697,2.0,10.343521189519569,11.455451311908545,113.71604603668075,40625,-2.9171529331784405,-30.82832293805784,36.480343145931585,37.09221921955282,52.02545687138442,0,0,0,0,0,16,16,1,1
290,1954,3,13,18,19794.75,41.46659343304099,160.96105178006445,428,558,999.8796826501452,1003.8796826501452,4.0,12.741336182114024,16.314072145152895,197.4663542417147,122500,-2.294688206724386,-24.00855980761461,42.575048058752095,18.6239166520973,46.470259184443094,0,0,0,0,0,19,19,1,1
290,1954,3,13,21,19794.875,41.54541292736568,162.08355086436868,424,559,999.8860920567214,1009.8860920567214,10.0,14.456141804770192,19.759558884109502,584.964210569822,1075000,0.006409406576131005,0.0669553222479065,31.13852335761939,2.921442629865074,31.27526920639695,0,0,2,0,0,20,20,1,2
290,1954,3,14,0,19795.0,42.26149283462658,165.8629429478185,410,560,998.2098976520913,1004.2098976520913,6.0,14.670183640531807,7.593235666443361,437.4743638980508,601250,-1.6761944046300778,-17.268032357397573,103.66463411547889,26.54148425317293,107.00844243636824,0,0,0,0,0,24,24,1,2
290,1954,3,14,3,19795.125,42.67583513309324,166.6075022462489,407,559,995.618766787935,1003.618766787935,8.0,16.447504391982307,12.862516818925723,496.0779482660393,773125,-2.591130864156294,-26.483573610030927,20.28931700165577,15.35758716124582,25.446254494698042,0,0,0,0,0,26,26,1,2
290,1954,3,14,6,19795.25,42.75615112310043,168.30590617878005,401,560,995.3507764281064,1002.5141356249846,7.1633591968781545,17.254686026199096,13.82107856822542,493.86734077921125,766250,-0.26799035982854547,-2.73493523860158,46.221188992355124,2.9769102057451438,46.31695484636355,0,0,0,0,0,23,22,2,0
290,1954,3,14,9,19795.375,48.40086759613671,179.21085183985414,362,541,992.5971674724162,1000.5971674724162,8.0,20.9982412586194,7.972109004217637,450.02740481490326,636250,-1.9169681525684428,-17.76009669872255,58.21267696303688,82.97313102023881,101.35707291799918,0,0,0,0,2,22,22,1,1
290,1954,3,14,12,19795.5,49.60338082521437,-179.51307875218689,358,536,995.0187639335843,1001.0187639335843,6.0,19.387744576251276,6.23581413416905,449.5851173323102,635000,2.421596461168083,22.029712489572795,-30.651946124563853,44.57112343213415,54.0936858166062,0,0,0,0,0,23,23,1,2
290,1954,3,14,15,19795.625,49.60338082521437,-179.51307875218689,358,536,,,,19.387744576251276,,0.0,0,0.0,,0.0,0.0,0.0,0,3,0,0,0,23,23,0,0
295,1954,3,12,15,19793.625,43.304326763253016,0.7073193685442566,362,157,,,,8.590887762876532,,0.0,0,,,,,,0,0,0,0,0,1,2,0,0
295,1954,3,12,18,19793.75,39.59754859000344,0.9219214776388204,363,142,998.0451249141271,998.0451249141271,0.0,8.38759996968048,4.786470512660672,14.104739588693906,625,,,6.129048798879546,-137.39164235404584,137.5282830108814,3,0,0,3,0,1,1,1,1
295,1954,3,12,21,19793.875,40.09459924695276,0.9304760960783844,363,144,997.893423436322,1003.8891661493029,5.995742712980864,10.167310121356296,6.812047124142191,704.2489555619652,1558125,-0.15170147780503612,-1.6318860032997264,0.2425580217352763,18.423170446036316,18.424767126821823,0,0,2,0,0,1,3,2,0
295,1954,3,13,0,19794.0,40.09805543694245,0.6646544014232164,362,144,997.0675137510561,1001.0675137510561,4.0,11.493523749688745,10.413259959104252,221.22419623711556,153750,-0.8259096852659422,-8.883854774555251,-7.536734247511925,0.12810359745778374,7.537822871977078,0,0,0,2,0,1,1,1,1
295,1954,3,13,3,19794.125,40.342732715415906,0.9348132119793462,363,145,995.6304038888087,999.6304038888087,4.0,12.791896722429987,9.850534369751331,210.15588668414918,138750,-1.4371098622474527,-15.380334780349859,7.632090214466058,9.068957343815466,11.853049748722606,0,0,0,0,0,1,1,1,1
295,1954,3,13,6,19794.25,40.342732715415906,0.9348132119793462,363,145,995.6103427143793,999.6103427143793,4.0,13.40295546003926,10.75282321647268,200.96160531198103,126875,-0.02006117442942923,-0.21470006359088464,0.0,0.0,0.0,0,0,0,0,0,1,1,1,1
295,1954,3,13,9,19794.375,40.338108091670094,1.2018330644521196,364,145,997.3602961290264,1005.3602961290264,8.0,12.611143054588942,9.380592148015639,662.0218459683235,1376875,1.7499534146471705,18.730250329876192,7.543930623081422,-0.17141156605810723,7.545877760131298,0,0,2,0,0,1,1,1,2
295,1954,3,13,12,19794.5,40.33232775075725,1.4688007143858244,365,145,998.3598600422428,1004.3598600422428,6.0,11.309266066253715,11.22366596670654,519.0084211099401,846250,0.9995639132164069,10.69988875636784,7.543101928096807,-0.21424819459487146,7.5461439813023,0,0,0,0,0,1,1,1,1
295,1954,3,13,15,19794.625,40.32539198494848,1.7357045889283889,366,145,998.7671858358971,1004.7671858358971,6.0,9.999409952590192,9.964167242155673,591.7270272703197,1100000,0.40732579365430865,4.360863911894889,7.5420749900051804,-0.25707399011001253,7.5464549419745905,0,0,0,0,0,0,0,1,1
295,1954,3,13,18,19794.75,40.06925912995862,1.9932481478683153,367,144,1000.4102760704419,1006.4102760704419,6.0,9.068684057720464,8.99069084932591,633.458286132908,1260625,1.6430902345447975,17.684372843839686,7.305117038451611,-9.493558007286275,11.978830434695425,0,0,0,0,0,0,0,1,1
295,1954,3,13,21,19794.875,39.80145059918337,2.512521764029149,369,143,1002.4979075329896,1004.4979075329896,2.0,8.367214992679433,6.003244074914619,231.76452121391375,168750,2.0876314625477246,22.59471394435254,14.786715745508666,-9.926316644780382,17.809512196321325,0,0,0,0,0,0,0,1,1
295,1954,3,14,0,19795.0,41.98714508103509,3.4473868518651978,372,152,1002.6617334778852,1004.6617334778852,2.0,9.564456315736182,6.789543962492461,238.11540999374174,178125,0.16382594489550684,1.6966827559640831,25.75560025976153,81.0127125256398,85.00829686273325,0,0,0,0,0,0,0,1,1
295,1954,3,14,3,19795.125,41.74110629825725,3.4308922128940362,372,151,1002.8077515270796,1004.8077515270796,2.0,8.520589628671368,4.290453525944249,269.8395568936143,228750,0.1460180491945357,1.5195172860615467,-0.45618281264483357,-9.119421467566301,9.130824204947857,0,0,0,0,0,0,0,1,1
295,1954,3,14,6,19795.25,40.05774396211529,5.988148375775512,382,145,1003.6498115766365,1005.6498115766365,2.0,8.338541555621571,3.3663697756629705,251.9187042636836,199375,0.8420600495567487,9.065152156634348,72.54531049518712,-62.393783827839485,95.68597773549827,0,0,0,0,0,0,0,1,1
295,1954,3,14,9,19795.375,40.22143949734106,6.811024738647434,385,146,1005.562967773759,1007.562967773759,2.0,7.616229426328505,3.4893390178665142,290.09166854606434,264375,1.9131561971225892,20.52631738169347,23.288245051955357,6.067371010490511,24.065646647843558,0,0,2,0,0,0,0,1,2
295,1954,3,14,12,19795.5,42.73216547114214,13.12040315297726,406,160,1008.0352247367638,1008.0352247367638,0.0,7.629825254816811,4.015917875457817,14.104739588693906,625,1.7214722444261132,17.576185163298735,112.9138336725744,-26.146312316831565,115.90152493564135,0,0,0,0,2,1,1,1,1
295,1954,3,14,15,19795.625,42.73216547114214,13.12040315297726,406,160,,,,7.629825254816811,,0.0,0,0.0,,0.0,0.0,0.0,0,3,0,0,0,1,1,0,0
298,1954,3,12,18,19793.75,43.89162048853152,-44.59508957121424,219,217,988.7269213105027,990.7269213105027,2.0,8.184404807668207,12.60058265435022,117.16276644769007,43125,,,,,,3,0,0,0,0,3,3,1,1
298,1954,3,12,21,19793.875,45.4062987456397,-42.701039020310404,228,217,983.4019192447257,989.4019192447257,6.0,12.119458224823044,26.473439775501173,180.07726023841454,101875,-5.325002065776935,-51.80807339652931,49.28657323066869,56.14151256308375,74.70632994394087,0,0,0,0,0,5,5,1,1
298,1954,3,13,0,19794.0,47.22322481218543,-41.08472152213521,237,219,980.7358285511092,986.7358285511092,6.0,14.59133633634606,28.284316638417877,146.58075357087597,67500,-2.66609069361657,-25.164968543761365,40.685943732793106,67.34432022937996,78.68038818273129,0,0,0,0,0,4,4,1,1
298,1954,3,13,3,19794.125,49.07835836542622,-40.688238098017585,243,224,977.2429344229557,983.2429344229557,6.0,16.85325842953659,34.14580875148255,135.28790949515025,57500,-3.492894128153421,-32.026581211024556,9.626024749889915,68.7604797894896,69.43100124127767,0,0,0,0,0,4,4,1,1
298,1954,3,13,6,19794.25,50.96978396229939,-41.20170477960788,247,231,972.5305652603117,982.5305652603117,10.0,20.820619224086634,36.556906702315466,197.9694540487982,123125,-4.712369162644027,-42.02840390709486,-11.984766945239926,70.1056434993175,71.12268196001267,0,0,0,0,0,4,4,1,1
298,1954,3,13,9,19794.375,52.033017087056805,-42.56335175318988,247,237,965.7835303541034,981.7835303541034,16.0,28.17274929438125,56.2869712248975,217.59732436277534,148750,-6.747034906208282,-59.29335422227454,-31.048695234227285,39.40870977115535,50.17038849336412,0,0,0,0,0,5,5,1,1
298,1954,3,13,12,19794.5,53.21276043687445,-42.73949808885873,250,241,966.8421858408501,1004.8421858408501,38.0,28.34852740593313,49.69907187781158,1506.964529855458,7134375,1.0586554867467202,9.158325754510429,-3.9097755960486857,43.72715841412628,43.9016027974555,0,0,2,0,0,4,4,1,3
298,1954,3,13,15,19794.625,54.39842972932267,-43.44484049493283,252,246,972.0655480921992,1004.0655480921992,32.0,24.42348961195785,28.469813157376556,1468.384006837943,6773750,5.223362251349027,44.50767609700204,-15.21925035345776,43.94680333282878,46.50749514320842,0,0,0,0,0,4,4,1,3
298,1954,3,13,18,19794.75,55.57711496638308,-44.73226466129779,253,252,976.2514889422918,1006.4308284635798,30.179339521288057,22.40220674863965,16.501973413921878,1652.0016303467364,8573750,4.185940850092593,35.15756911457146,-26.974628584542952,43.68793949065177,51.344587292263746,0,0,0,0,0,4,2,2,0
298,1954,3,13,21,19794.875,56.231873575356616,-46.36392753160292,252,257,979.9465065986973,1006.9047001262562,26.958193527558905,21.045714041638593,8.842491574383384,1620.0814656257937,8245625,3.6950176564055437,30.795168975002984,-33.61464529532122,24.26861183156876,41.45973828380517,0,0,0,0,0,6,5,2,0
298,1954,3,14,0,19795.0,53.18049476073404,-48.26333131823539,239,252,981.1381664470507,1007.9851666147858,26.847000167735096,18.697692037060925,7.398554880022639,1655.550380906997,8610625,1.191659848353447,10.313278003452726,-42.190023334474965,-113.09928115223903,120.71224240364666,0,0,0,0,0,8,6,2,0
298,1954,3,14,3,19795.125,53.35678284981854,-48.02603508302545,240,252,981.8915989911367,1005.9998465362788,24.108247545142078,18.06785930889135,4.019841833444152,1554.2117451548363,7588750,0.7534325440859538,6.505664325045071,5.249345975341206,6.534113711353666,8.38154372187671,0,0,0,0,0,7,6,2,0
298,1954,3,14,6,19795.25,57.401218262245486,-45.0,258,258,978.1130443956827,986.1130443956827,8.0,24.803019142951637,14.579264468125329,377.94386014985884,448750,0.11319785940388101,0.9309097035150924,-54.18010494781063,50.583580420250094,74.12275210950874,0,0,0,2,2,6,6,1,1
298,1954,3,14,9,19795.375,57.86358556168522,-47.57657183026883,255,264,979.3288015840168,989.3288015840168,10.0,25.551858416477184,19.511282858159102,410.49396584912694,529375,1.2157571883341007,9.947061695481118,-50.79720511416142,17.13763264801478,53.61020891759786,0,0,0,1,0,6,6,1,2
298,1954,3,14,12,19795.5,58.1069577007866,-49.90729984228815,252,269,980.444164024669,990.444164024669,10.0,24.963124613439767,21.009513789837072,376.3613946086751,445000,1.115362440652243,9.101450362244414,-45.6397548460141,9.020582384902383,46.52266253093302,0,0,0,0,0,7,7,1,1
298,1954,3,14,15,19795.625,58.00742380048383,-51.62587470561748,249,272,980.4408459663749,992.4408459663749,12.0,24.511007349612104,21.37560554445845,392.912579079798,485000,-0.0033180582940985914,-0.027104973668427283,-33.7473832888559,-3.6892215809379323,33.94843493768466,0,0,0,0,0,5,5,1,1
298,1954,3,14,18,19795.75,57.78282384523909,-52.44371640911702,247,273,981.2706630676446,993.2706630676446,12.0,23.410713277310556,22.756889070992255,364.2738445220405,416875,0.8298171012697275,6.795407418204638,-16.160819930599242,-8.32479184926966,18.178951019322326,0,0,0,0,0,7,7,1,1
298,1954,3,14,21,19795.875,58.06545178423842,-53.08938041395298,247,275,982.5012126679864,994.5012126679864,12.0,22.936405194949135,22.391799723582153,325.0216815494707,331875,1.2305496003417646,10.045918374017432,-12.658533185981966,10.475597648244063,16.43096492931877,0,0,0,0,0,7,7,1,1
298,1954,3,15,0,19796.0,58.57851543163445,-52.923259283378655,249,276,984.3827415620675,996.3827415620675,12.0,21.462377482991442,15.963714800450255,341.1481381100423,365625,1.8815288940811297,15.275716314615654,3.209969578037557,19.016691545397236,19.28570615831086,0,0,0,0,0,7,7,1,1
298,1954,3,15,3,19796.125,59.50824202650382,-53.76906225314761,251,280,986.2168234089156,996.2168234089156,10.0,19.93429325756574,9.701848132190571,315.70679927948885,313125,1.8340818468481301,14.746268894832962,-15.907165287803169,34.460293505331826,37.9545746382054,0,0,0,0,0,8,8,1,1
298,1954,3,15,6,19796.25,60.75191018360478,-54.77174735202086,254,285,987.9665050783237,997.9665050783237,10.0,19.22140256223655,7.713625794762702,363.4537147509613,415000,1.7496816694080188,13.893386075363425,-18.158106027189106,46.09652983300468,49.5439893139393,0,0,0,0,0,7,7,1,1
298,1954,3,15,9,19796.375,61.79021292923926,-56.11873480938544,256,290,988.6020979521712,998.6020979521712,10.0,19.487663881105057,5.950454133008752,384.98446819881906,465625,0.6355928738474904,4.997052962145312,-23.599690045395803,38.4846658785568,45.14437814415996,0,0,0,0,0,10,10,1,1
298,1954,3,15,12,19796.5,62.87808115380062,-56.90605202194519,259,294,990.8060929380413,998.8060929380413,8.0,17.7724855387635,10.942218241554,317.27827140480923,316250,2.203994985870086,17.156253048887088,-13.303517034845692,40.321809143015564,42.45976752247006,0,0,0,0,0,7,7,1,1
298,1954,3,15,15,19796.625,63.70915977565251,-56.9245239376119,262,296,992.4563042829166,998.4563042829166,6.0,16.229968576392363,13.463746763956005,270.5758189903005,230000,1.6502113448752789,12.75211320354681,-0.30325547963895483,30.803908797560478,30.805401492179172,0,0,0,0,0,10,10,1,1
298,1954,3,15,18,19796.75,64.22046234296228,-56.79724813072376,264,297,994.9144640253861,998.9144640253861,4.0,13.87385800620853,11.988419949773451,236.438520044912,175625,2.4581597424695794,18.912958535923366,2.0516743780768043,18.95141715506175,19.062150454207043,0,0,0,0,0,7,7,1,1
298,1954,3,15,21,19796.875,64.604059913427,-56.23928419969768,266,297,997.123206182581,999.123206182581,2.0,11.851364414051062,8.615698210536793,172.74707473566775,93750,2.208742157194938,16.93955704955108,8.869420553097406,14.21803456961807,16.757658785479588,0,0,0,0,0,5,5,1,1
298,1954,3,16,0,19797.0,64.9848252557018,-55.66457551745175,268,297,998.4968134497886,1000.0251077141795,1.528294264390861,10.087282471938467,6.5437751920298615,239.3653682408596,180000,1.3736072672075534,10.501737088143912,9.00751142958152,14.113058101011962,16.742570624506293,0,0,0,1,0,4,3,2,0
298,1954,3,16,3,19797.125,64.9848252557018,-55.66457551745175,268,297,,,,10.087282471938467,,0.0,0,0.0,,0.0,0.0,0.0,0,3,0,0,0,4,3,0,0
301,1954,3,11,21,19792.875,40.21566896551792,-103.03455807475511,150,408,977.2230623971143,995.2230623971143,18.0,26.877158539701465,13.405772522066329,577.433637552854,1047500,,,,,,3,0,0,0,0,10,10,1,1
301,1954,3,12,0,19793.0,40.13608494002664,-102.19695472680175,149,405,979.2233439262425,995.2233439262425,16.0,26.1144409538648,19.444410771080438,572.5898905580716,1030000,2.0002815291282605,21.49898243308647,23.734869905054452,-2.9497799588604625,23.91746749167968,0,0,0,0,0,11,11,1,1
301,1954,3,12,3,19793.125,39.55752503249725,-101.25831466860379,146,402,981.436598705473,999.436598705473,18.0,25.3386219606718,18.620222212965817,748.7478127121317,1761250,2.2132547792304833,24.07759445756389,26.822983549936005,-21.444308825737895,34.34138651152218,0,0,0,0,0,9,9,1,1
301,1954,3,12,6,19793.25,40.140696000027546,-100.84030545433056,148,400,984.0319397560571,1000.0319397560571,16.0,24.939481552633506,15.303428381181583,756.939756606048,1800000,2.595341050584102,27.892007076911035,11.84420842367141,21.615217651922396,24.647574065683347,0,0,0,0,0,6,6,1,1
301,1954,3,12,9,19793.375,40.53145269861369,-101.46762688183564,150,402,982.1405385516684,998.1405385516684,16.0,28.46345354155866,31.500188933263562,650.8080303002619,1330625,-1.8914012043886759,-20.16419459104074,-17.67236639132876,14.483387478385499,22.849092908000095,0,0,0,0,0,8,8,1,1
301,1954,3,12,12,19793.5,39.84964903542709,-101.05044249316376,147,401,980.7902725779932,1006.7902725779932,26.0,30.314158776756006,25.120091484437364,1113.1133059892893,3892500,-1.3502659736752685,-14.599374290708484,11.871321498307873,-25.271036104675066,27.920486025855233,0,0,0,0,0,8,8,1,1
301,1954,3,12,15,19793.625,39.498103383463395,-100.17551084304321,145,398,981.9564708028173,1009.9564708028173,28.0,30.567519331411855,19.806185476850224,1225.5712037371645,4718750,1.1661982248241838,12.702813139142211,25.0238451428982,-13.030030994105667,28.213020636633434,0,0,0,0,0,8,8,1,1
301,1954,3,12,18,19793.75,39.625006472451545,-99.39733647463,145,395,984.7864371176943,1000.7864371176943,16.0,28.048560504984202,12.808477225861498,580.8687281605182,1060000,2.829966314876947,30.742873693962782,22.215828486273395,4.70365989033516,22.70831239206173,0,0,0,0,0,9,9,1,1
301,1954,3,12,21,19793.875,40.22143949734106,-96.81102473864743,146,385,987.638151887249,1000.7441682025863,13.106016315337328,26.17101495234646,17.506870938402354,587.5093895679864,1084375,2.8517147695546736,30.596143968788205,73.19294555830314,22.10677548366055,76.45859534274548,0,0,0,0,0,11,10,2,0
301,1954,3,13,0,19794.0,39.567814632796,-98.05564394316303,144,390,991.6457478821221,1001.6457478821221,10.0,20.33078237533631,19.60149915741662,514.3880761548386,831250,4.0075959948731175,43.58842884047902,-35.56137664316252,-24.22658962204923,43.02951491095441,0,0,0,0,0,11,11,1,2
301,1954,3,13,3,19794.125,39.728069216233564,-96.74839904416952,144,385,995.6473765837962,1003.5114429631108,7.864066379314463,18.626867666621507,17.26032648441156,496.2784243090848,773750,4.001628701674199,43.37687256735692,37.26421962556993,5.939832216598256,37.73464815079173,0,0,0,0,0,11,10,2,0
301,1954,3,13,6,19794.25,40.50710977219884,-93.35072870898905,146,372,997.7889160755606,1005.7889160755606,8.0,19.432374029436374,6.603763246716117,534.1209933079043,896250,2.1415394917642696,22.842266794304354,95.74532665764102,28.875119157898112,100.00470030534164,0,0,0,0,0,14,14,1,2
301,1954,3,13,9,19794.375,40.80329482484557,-92.29061004263853,147,368,998.5949153543027,1006.5949153543027,8.0,20.297891154465383,5.869524256499062,546.092093532253,936875,0.8059992787420924,8.545422025934265,29.743155283475197,10.978091734089677,31.704475777703795,0,0,0,0,0,13,13,1,2
301,1954,3,13,12,19794.5,42.02626611366335,-87.37865024340917,152,350,999.5948389958425,1007.5948389958425,8.0,20.24514721729313,5.588058602816091,531.6944307278186,888125,0.99992364153979,10.347979177236821,135.2237573293414,45.32940091616433,142.6191401379316,0,0,0,0,0,8,8,1,2
301,1954,3,13,15,19794.625,41.774172685744546,-81.59817173140917,153,329,1001.1825419132288,1008.3353709533345,7.152829040105717,15.72174562525391,4.8877633242820595,536.7219457003138,905000,1.587702917386341,16.511540876751635,159.75495532133212,-9.343836741668612,160.02797578790958,0,0,0,0,0,7,8,2,0
301,1954,3,13,18,19794.75,43.045902199867626,-78.52447324857697,160,319,1001.3380192758447,1007.8834736321036,6.545454356258851,13.71179339020306,12.700900691240168,546.2742152960396,937500,0.15547736261592945,1.5780895383061593,83.25368460026273,47.136623344878686,95.67150704299053,0,0,0,0,0,8,9,2,0
301,1954,3,13,21,19794.875,42.91588923550964,-82.82275414914498,157,334,999.2597448764238,1007.2597448764238,8.0,16.036308493002164,12.294813181227436,645.1280308476033,1307500,-0.6237287556797674,-6.346258372166184,76.58796271298856,-0.08914824923160673,76.58801459717093,0,0,0,0,2,10,10,1,1
301,1954,3,14,0,19795.0,41.44896020864829,-79.43898930880363,153,321,1000.4109375690261,1006.4109375690261,6.0,12.636847451139774,12.745315355878192,468.2263705827405,688750,1.1511926926023444,12.04874315036282,94.0014047120494,-54.37168851154048,108.59348322728435,0,0,0,0,0,12,12,1,1
301,1954,3,14,3,19795.125,40.140696000027546,-79.15969454566944,148,319,1002.4884774271895,1007.9935598972805,5.5050824700910015,9.595416107111422,6.881775139925594,762.4391317627577,1826250,2.0775398581633637,22.32722224056677,7.913765919690639,-48.490780903095086,49.132306312889774,0,0,2,1,0,11,10,2,0
301,1954,3,14,6,19795.25,39.605556032176345,-79.00005068460342,146,318,1000.6224864105857,1006.2716034473214,5.6491170367356975,10.45346002078067,6.337789666845856,781.5094971368859,1918750,-1.8659910166038025,-20.27920198589796,4.558911356697407,-19.834949823261905,20.352122917512613,0,0,0,0,0,10,9,2,0
301,1954,3,14,9,19795.375,36.51121700790143,-78.83672875731699,134,315,996.1561573624779,1006.1561573624779,10.0,14.014808966144649,10.883950755726255,893.9556801095788,2510625,-4.466329048107873,-52.0078449168621,4.865460575258462,-114.69160027254819,114.7947554537548,0,0,1,0,0,11,11,1,3
301,1954,3,14,12,19795.5,44.2052218194509,-74.39105213232772,168,306,998.3042823247197,998.3042823247197,0.0,10.286830372479072,6.304665130286448,14.104739588693906,625,-0.9272636750074161,-9.213985564860614,64.89030120933676,8.315251949423525,65.4209034332364,0,0,0,0,2,10,10,1,1
301,1954,3,14,15,19795.625,44.2052218194509,-74.39105213232772,168,306,,,,11.656505994908574,,0.0,0,-2.24644306193004,,0.0,0.0,0.0,0,2,2,0,0,9,8,0,0
308,1954,3,14,12,19795.5,37.98019793623258,-75.12624929507106,143,302,992.9707569750227,998.9707569750227,6.0,16.04864169378411,9.68172458532783,392.15234764380017,483125,,,,,,3,0,0,0,0,9,9,1,1
308,1954,3,14,15,19795.625,39.11534376869084,-71.81272591469255,151,291,989.8106780959139,1003.8106780959139,14.0,17.692667746831606,7.343234609496721,871.1889203091806,2384375,-3.160078879108769,-34.70318196413575,95.28462147948342,42.07415252369101,104.16042147128269,0,0,2,0,0,8,8,1,2
308,1954,3,14,18,19795.75,40.23644514496163,-68.8668047290059,159,282,982.9340447851318,1002.9340447851318,20.0,22.079829219839645,14.772166683292234,940.2689556055112,2777500,-6.876633310782053,-73.75679236446432,83.35058933069499,41.5535950985146,93.13442976357058,0,0,0,0,0,9,9,1,1
308,1954,3,14,21,19795.875,40.9536259290298,-66.51759370488665,165,275,979.3219834359968,1003.3219834359968,24.0,24.409617215974272,9.876229951701971,1040.1229377660886,3398750,-3.612061349135038,-38.18013993639665,65.75940172316932,26.58228822511581,70.92895714919467,0,0,0,0,0,6,6,1,1
308,1954,3,15,0,19796.0,41.90779027669297,-64.23494531021322,172,269,976.2960458703762,1002.2960458703762,26.0,27.322764468084998,19.53253650134975,972.6135887403861,2971875,-3.025937565620552,-31.38681105112072,62.96391016730455,35.36607821508668,72.21643491527414,0,0,0,0,0,6,6,1,1
308,1954,3,15,3,19796.125,42.75615112310043,-61.24437495888379,180,261,973.1981015112228,1003.1981015112228,30.0,29.81862265801653,20.564710749166405,1049.5480693492702,3460625,-3.09794435915348,-31.615604384040083,81.38394799794148,31.44447402813102,87.24736063994972,0,0,0,0,0,4,4,1,1
308,1954,3,15,6,19796.25,43.71715211594211,-58.644818100558794,188,255,970.0368438383267,1000.0368438383267,30.0,32.09093178481723,16.91353236913608,927.2726568027144,2701250,-3.1612576728960264,-31.6913230943581,69.63691598008008,35.619478301459466,78.21794743973325,0,0,0,0,0,3,3,1,1
308,1954,3,15,9,19796.375,44.56741749992558,-56.9943891975461,194,252,966.6947296884788,998.6947296884788,32.0,34.07199398072495,25.294998214826407,931.019660809714,2723125,-3.342114149847912,-32.99595445938412,43.5805224856829,31.51506566681655,53.781607489074474,0,0,0,0,0,5,5,1,1
308,1954,3,15,12,19796.5,45.58334511699196,-56.18653902621237,199,252,964.8224157902042,994.8224157902042,30.0,34.70501823694058,41.71870332739505,784.0509981451754,1931250,-1.8723138982745877,-18.160897789500222,20.956111462130178,37.65533228529229,43.09388189904687,0,0,0,0,0,4,4,1,1
308,1954,3,15,15,19796.625,46.30859251454816,-54.847556974116245,204,250,962.7526058946479,990.7526058946479,28.0,35.54979911861654,40.14012604820768,598.911890843185,1126875,-2.069809895556391,-19.83217222932653,34.28224685224134,26.881277056806347,43.564612995443845,0,0,0,0,0,6,6,1,1
308,1954,3,15,18,19796.75,47.149432947038356,-53.71316728807812,209,249,963.3434726715943,993.3434726715943,30.0,34.04486133700307,31.097850345544213,814.9073567289311,2086250,0.5908667769464955,5.583792101448487,28.59483997485785,31.165730070175485,42.29618900083989,0,0,0,0,0,4,4,1,1
308,1954,3,15,21,19796.875,48.30689002650821,-52.59464336859145,215,249,963.3145089088486,993.3145089088486,30.0,33.91521688394394,20.883741176605398,839.439402541581,2213750,-0.02896376274584327,-0.26873168727050173,27.57519439278749,42.901118348625445,50.99899314067667,0,0,0,0,0,3,3,1,1
308,1954,3,16,0,19797.0,48.877369662140474,-52.01305600383741,218,249,960.4047800288638,994.4047800288638,34.0,37.047400376295926,25.112600312359064,890.7229599112725,2492500,-2.909728879984759,-26.761043867329526,14.177103982356222,21.14481374544782,25.457679109773927,0,0,0,0,0,1,1,1,1
308,1954,3,16,3,19797.125,49.73925186291395,-51.92508173839268,221,251,960.1553722990553,994.1553722990553,34.0,36.8627050969891,22.260439493681332,914.744288479376,2628750,-0.24940772980844486,-2.2643453886563636,2.1073245132824425,31.945642697085887,32.015073074009344,0,0,0,0,0,1,1,1,1
308,1954,3,16,6,19797.25,50.26316198771694,-51.77794873419905,223,252,960.0425427554969,986.0425427554969,26.0,36.80005564069885,21.992184617760795,565.5982988081821,1005000,-0.11282954355832771,-1.0165376999199633,3.486204734252119,19.418715965270014,19.729170108977073,0,0,0,0,0,3,3,1,1
308,1954,3,16,9,19797.375,50.41054824242398,-52.03794076318467,223,253,960.2185109945282,986.2185109945282,26.0,36.34763864670808,19.93185407781821,599.9075887722611,1130625,0.1759682390312082,1.582007972406627,-6.141228659869557,5.462867926855257,8.219343978631573,0,0,0,0,0,3,3,1,1
308,1954,3,16,12,19797.5,50.74557503110286,-52.09575395128617,224,254,962.6565297564119,998.6565297564119,36.0,34.72565684239156,17.122393875931376,1177.3022596816602,4354375,2.438018761883723,21.813424407311302,-1.3559171898909181,12.41775973037006,12.491567881857025,0,0,0,0,0,2,2,1,1
308,1954,3,16,15,19797.625,50.933503961858186,-51.8898374561882,225,254,963.4952192173379,997.4952192173379,34.0,33.67730030551454,15.370931754201447,1147.8693240617717,4139375,0.8386894609259616,7.4838978472393345,4.810034676992977,6.965581223243045,8.464972260525784,0,0,0,0,0,1,1,1,1
308,1954,3,16,18,19797.75,51.26806466122595,-51.947171768959706,226,255,964.5140755518794,996.5140755518794,32.0,32.606212239325416,13.311298618695803,1126.2614689504414,3985000,1.0188563345414878,9.048850819595117,-1.3296241437634881,12.400484141449956,12.471563947878817,0,0,0,0,0,2,2,1,1
308,1954,3,16,21,19797.875,51.74820789723185,-52.27500495788926,227,257,965.3427349725541,997.3427349725541,32.0,32.4312972262151,12.759322488656325,1162.2510828097609,4243750,0.8286594206748122,7.310758520881307,-7.522982661152245,17.79649730218589,19.321246966661004,0,0,0,0,0,2,2,1,1
308,1954,3,17,0,19798.0,51.74820789723185,-52.27500495788926,227,257,967.131681812973,997.131681812973,30.0,30.824148296605443,11.653000739125055,1193.4976919426629,4475000,1.7889468404189393,15.78279089175868,0.0,0.0,0.0,0,0,0,0,0,1,1,1,1
308,1954,3,17,3,19798.125,51.74820789723185,-52.27500495788926,227,257,966.7848396855062,990.7848396855062,24.0,30.509038494687015,12.2548019870172,831.9405380018935,2174375,-0.34684212746695264,-3.0599773266497277,0.0,0.0,0.0,0,0,0,0,0,3,3,1,1
308,1954,3,17,6,19798.25,51.893237347882604,-52.54652262443571,227,258,967.0224901704164,989.0224901704164,22.0,30.0322579086952,11.883581198302709,787.4690133724611,1948125,0.23765048491026391,2.092476781320907,-6.210654077190137,5.37551304213711,8.213912863715114,0,0,0,0,0,3,3,1,1
308,1954,3,17,9,19798.375,52.0816132281418,-52.33677380954611,228,258,967.4900394188813,989.4900394188813,22.0,29.004466175096105,11.697430502950592,824.6147551190937,2136250,0.4675492484649294,4.106135056288881,4.777625491516583,6.98214739567509,8.46026521996335,0,0,0,0,0,4,4,1,1
308,1954,3,17,12,19798.5,52.22628236227072,-52.61081947756682,228,259,969.7268437221061,987.7268437221061,18.0,26.465978842713763,9.995829255102654,768.9347264796871,1857500,2.2368043032247806,19.605677458106594,-6.221914940901337,5.362157919065686,8.213705806809138,0,0,0,0,0,3,3,1,1
308,1954,3,17,15,19798.625,52.36998030516149,-52.88688340477989,228,260,970.1133270674602,988.1133270674602,18.0,25.85727233143766,9.491951220035189,814.2968019442352,2083125,0.3864833453540632,3.380981169241567,-6.2474329421830905,5.326160739571043,8.209653256430654,0,0,0,0,0,2,2,1,1
308,1954,3,17,18,19798.75,52.51269859769794,-53.16497500932219,228,261,971.3205565858169,987.3205565858169,16.0,24.63227491925059,11.381583609976733,766.9918242089796,1848125,1.207229518356762,10.54071252198598,-6.2729667598608465,5.2898500231425505,8.20564593664998,0,0,0,0,0,2,2,1,1
308,1954,3,17,21,19798.875,52.65442869519226,-53.44510346604464,228,262,972.7398695902328,988.7398695902328,16.0,23.838623379951034,11.916741452040588,810.5010966135691,2063750,1.4193130044158897,12.369053127741598,-6.298513215837731,5.253222598068971,8.20168375365358,0,0,0,0,0,4,4,1,1
308,1954,3,18,0,19799.0,52.603758687846245,-53.93407821556829,227,263,977.8857338727045,983.8857338727045,6.0,19.58661159118817,10.815929997015992,312.85825864361584,307500,5.145864282471593,44.875565786069984,-11.007015172712238,-1.8780825833063706,11.166090506620307,0,0,0,0,0,8,8,1,1
308,1954,3,18,3,19799.125,52.49393166991233,-54.90803710275841,225,265,979.2331849689612,983.2331849689612,4.0,18.797218210712415,9.93863347256687,217.13970592909533,148125,1.3474510962567001,11.767989571804799,-21.979009566368905,-4.070735734251055,22.35280185875239,0,0,0,0,0,5,5,1,1
308,1954,3,18,6,19799.25,52.04301789894387,-55.7842978675626,222,266,981.4810842090997,983.4810842090997,2.0,17.584089721636573,7.625781042122981,138.1976597885342,60000,2.247899240138504,19.751985508199564,-19.976470482171546,-16.71310789528616,26.04587008422924,0,0,0,0,0,6,6,1,1
308,1954,3,18,9,19799.375,51.648944014606464,-56.16799441711032,220,266,983.120580150853,987.120580150853,4.0,16.78912323518218,5.673531495220596,506.2010059037334,805000,1.6394959417534118,14.4840814736221,-8.824245198781396,-14.606338887145059,17.064947671010962,0,0,2,0,0,6,6,1,2
308,1954,3,18,12,19799.5,51.31866752568727,-56.07530733376273,219,265,985.7000903193141,987.7000903193141,2.0,15.166124879593433,3.616978125284513,354.02615395598616,393750,2.5795101684609834,22.89340323342991,2.1471126375298732,-12.241689985930703,12.428558500078621,0,0,0,0,0,5,5,1,2
308,1954,3,18,15,19799.625,50.5916129722147,-56.356027218309784,216,264,986.8870490381264,988.6854710254454,1.798421987319016,14.641475751824684,3.7887041025942745,453.55017798064495,646250,1.1869587188123842,10.643358206031285,-6.605464984510549,-26.948259246658147,27.74600591232351,0,0,0,0,0,8,9,2,0
308,1954,3,18,18,19799.75,49.39757057786964,-56.26513515749324,212,261,987.5405945874029,987.5405945874029,0.0,13.985941979621446,3.109634800332715,14.104739588693906,625,0.6535455492764595,5.963692960073423,2.1925094023008698,-44.25715214989739,44.31142757684912,0,0,0,2,0,9,9,1,1
308,1954,3,18,21,19799.875,48.63723161662793,-54.24096163710702,213,254,988.9212588763238,988.9212588763238,0.0,11.493797865816568,2.057845318931577,14.104739588693906,625,1.3806642889209615,12.744843199930811,49.57751263033695,-28.181945006757367,57.02764051734138,0,0,0,0,0,9,9,1,1
308,1954,3,19,0,19800.0,48.54813513590395,-53.54183939788777,214,252,989.788785916589,989.788785916589,0.0,11.169481531402498,3.934839177669492,14.104739588693906,625,0.8675270402651222,8.019087838412633,17.154068787623945,-3.302358879463694,17.46904834669899,0,0,0,0,0,5,5,1,1
308,1954,3,19,3,19800.125,48.26062593724962,-53.03571071053479,214,250,990.9328586512763,990.9328586512763,0.0,10.268989886102325,3.8351530445108803,14.104739588693906,625,1.144072734687361,10.622583469660167,12.489086831793996,-10.656521418001255,16.41763498876771,0,0,0,0,0,5,5,1,1
308,1954,3,19,6,19800.25,48.26062593724962,-53.03571071053479,214,250,,,,10.268989886102325,,0.0,0,0.0,,0.0,0.0,0.0,0,3,0,0,0,5,5,0,0
313,1954,3,14,15,19795.625,55.021766540199515,-177.20275647716593,352,513,992.6154653408594,996.6154653408594,4.0,20.94041294256643,5.563756522372787,305.13217088461647,292500,,,,,,3,0,0,0,0,21,21,1,1
313,1954,3,14,18,19795.75,56.88506576755904,-176.65662385567288,351,505,989.8335956670572,993.8335956670572,4.0,23.885797703842883,4.7426233567627785,253.1005029518667,201250,-2.781869673802139,-23.01086767269048,11.058800344798223,69.06314030103533,69.9429368364426,0,0,0,0,0,21,21,1,1
313,1954,3,14,21,19795.875,58.51796673148067,-176.48805734830106,351,498,987.0748554139609,999.0748554139609,12.0,26.243635053478318,5.517515961453391,614.32577579543,1185625,-2.75874025309633,-22.41208281956688,3.2628543034138637,60.523434300364656,60.61132169583389,0,0,0,0,0,19,19,1,1
313,1954,3,15,0,19796.0,61.03502145870877,-175.29214775562778,349,487,986.8580352398864,998.8580352398864,12.0,25.281693086778677,2.921944310490071,621.8894690484038,1215000,-0.21682017407452803,-1.7169356129689939,21.465846394078362,93.29457191815625,95.73222921673869,0,0,0,0,0,20,20,1,2
313,1954,3,15,3,19796.125,63.127245703600906,-175.416470190883,350,478,985.003242386724,995.003242386724,10.0,25.11257792979642,3.9787619471382643,493.26272842343866,764375,-1.854792853162362,-14.40605459417988,-2.0828680730932483,77.54824047824953,77.57620731050423,0,0,0,0,0,15,15,1,1
313,1954,3,15,6,19796.25,64.50409443536742,-175.17314121887705,350,472,983.2868969457002,993.2868969457002,10.0,26.60337715799867,6.238585326882385,452.6720548375118,643750,-1.7163454410238774,-13.174139844732291,3.882187892980479,51.03286457647686,51.18031506074802,0,0,0,0,0,14,14,1,1
313,1954,3,15,9,19796.375,65.16993903243065,-174.52263127117112,349,469,982.8113597921464,990.8113597921464,8.0,26.90843798401038,4.998975011566654,382.3919507072277,459375,-0.47553715355374154,-3.6302039620796047,10.124903312653572,24.67951370904051,26.675683009162142,0,0,0,0,0,14,14,1,1
313,1954,3,15,12,19796.5,64.83805998542535,-172.52426261445177,345,470,979.5105268415427,991.5105268415427,12.0,31.90766490416381,8.351515439407521,407.8197095911754,522500,-3.3008329506036533,-25.26637584609613,31.491418791486836,-12.301088762206618,33.80867111018261,0,0,0,0,0,14,14,1,1
313,1954,3,15,15,19796.625,65.41947998052778,-170.75388725443676,342,467,978.1196380644819,990.1196380644819,12.0,33.10840938262065,8.946564019362704,382.3919507072277,459375,-1.3908887770607543,-10.596654512220644,27.294711384095386,21.550317901698342,34.776679991128056,0,0,0,0,0,16,16,1,1
313,1954,3,15,18,19796.75,67.22630774140454,-170.02487327954137,342,459,976.9870079151237,988.9870079151237,12.0,33.63423338317452,11.75408756815661,347.7898169151024,380000,-1.1326301493583015,-8.51056730553776,10.459515679430757,66.97002677668105,67.78189990489817,0,0,0,0,0,13,13,1,1
313,1954,3,15,21,19796.875,68.61537936717194,-169.9920201985587,343,453,976.6758486249378,988.6758486249378,12.0,33.50583328368013,11.257718725060476,315.39156525252,312500,-0.31115929018589666,-2.315165312337834,0.4440056233701565,51.48590584374788,51.48782032233309,0,0,0,0,0,12,12,1,1
313,1954,3,16,0,19797.0,69.73640676136392,-169.43898930880363,343,448,975.9963386351591,987.9963386351591,12.0,33.2295703830436,14.565052923620826,308.69729862159846,299375,-0.6795099897787441,-5.018374550067325,7.099271949359566,41.55085295457304,42.15297194105671,0,0,0,0,0,13,13,1,1
313,1954,3,16,3,19797.125,70.89597081476782,-169.48395361545522,344,443,975.7165107358855,993.7165107358855,18.0,32.7975179141052,14.078889187177628,679.6669936992866,1451250,-0.27982789927351404,-2.051700093805714,-0.5454523874444978,42.97921328597091,42.982674334991614,0,0,0,0,0,10,10,1,1
313,1954,3,16,6,19797.25,71.78821076382815,-168.9675267591023,344,439,976.367393997422,992.367393997422,16.0,32.37632985546753,15.125834380645244,602.7198002448991,1141250,0.65088326153651,4.747251976361952,5.982234725564129,33.070851895035815,33.60756428804592,0,0,0,0,0,11,11,1,1
313,1954,3,16,9,19797.375,72.67761282039167,-168.39848846798725,344,435,977.1325470864135,991.1325470864135,14.0,32.088378627171956,14.749290187354491,495.67675293291035,771875,0.7651530889915011,5.552994772046003,6.279893768734456,32.96566547903376,33.55848873567086,0,0,0,0,0,10,10,1,1
313,1954,3,16,12,19797.5,73.38855335221739,-168.6900675259798,345,432,975.9009549906862,991.9009549906862,16.0,34.05908846286628,15.62863093423468,505.61114242207606,803125,-1.231592095727392,-8.904338634513794,-3.0896060836676393,26.350993428334444,26.531500530734426,0,0,0,0,0,9,9,1,1
313,1954,3,16,15,19797.625,74.05366814580078,-168.21525149373718,345,429,976.6801826500282,992.6801826500282,16.0,33.59354750377062,16.478404860018856,529.2567428401228,880000,0.7792276593419956,5.614704446660987,4.8350930244677635,24.652463560905915,25.122143303807714,0,0,0,0,0,7,7,1,1
313,1954,3,16,18,19797.75,74.76355837266047,-168.52447324857695,346,426,978.3782569793253,992.3782569793253,14.0,32.323078500564364,14.355690294538945,442.4483924742311,615000,1.698074329297233,12.193200664999738,-3.012058646450936,26.31206390045052,26.48390462131767,0,0,0,0,0,7,7,1,1
313,1954,3,16,21,19797.875,75.427043131866,-167.9977051012163,346,423,979.6132055261941,993.6132055261941,14.0,31.639213424253,15.912309866921639,462.6698590340625,672500,1.2349485468686907,8.84038711593093,4.912630966497562,24.592046376547366,25.077932291144883,0,0,0,0,0,8,8,1,1
313,1954,3,17,0,19798.0,75.91499926405119,-168.5110187978408,347,421,981.3269789455403,995.3269789455403,14.0,29.915112534531453,15.045329516138374,497.6794954453741,778125,1.7137734193462528,12.241398929729613,-4.630163968533196,18.086082108031704,18.66935415042437,0,0,0,0,0,5,5,1,1
313,1954,3,17,3,19798.125,76.40146204564684,-169.06090881680785,348,419,982.9547673682387,994.9547673682387,12.0,28.80398281273545,13.537769472407598,415.55157712936966,542500,1.6277884226983588,11.602913475974852,-4.7920637432533475,18.03073110494505,18.656664736716372,0,0,0,0,0,7,7,1,1
313,1954,3,17,6,19798.25,76.88630869533294,-169.65131591200452,349,417,985.0039527769153,997.0039527769153,12.0,27.010632054725914,12.675197072189112,466.52372359631073,683750,2.049185408676567,14.577323631421667,-4.9649789484812015,17.970829215235337,18.644079989155202,0,0,0,0,0,9,9,1,1
313,1954,3,17,9,19798.375,77.14724325736393,-170.45547443444187,350,416,986.7814296324191,996.7814296324191,10.0,25.23450022932736,11.419090077812871,374.7722472096855,441250,1.7774768555037737,12.631196223564414,-6.630208502667179,9.671533161355086,11.725963435045808,0,0,0,0,0,9,9,1,1
313,1954,3,17,12,19798.5,77.59138421145407,-170.11201118442222,350,414,988.385748018391,998.385748018391,10.0,24.320660710804567,12.13270769806848,388.58493570702876,474375,1.6043183859720012,11.380901958925602,2.735544574666488,16.46207360329968,16.687812062713412,0,0,0,0,0,12,12,1,1
313,1954,3,17,15,19798.625,77.81320160233425,-169.9309373011106,350,413,989.8273598713035,997.8273598713035,8.0,22.717313449007516,11.93413369423928,309.01936161855167,300000,1.441611852912465,10.218048106286359,1.4167940893621034,8.221656169136299,8.34283738635414,0,0,0,0,0,10,10,1,1
313,1954,3,17,18,19798.75,78.07288262866159,-170.8033441083711,351,412,991.7994306467791,999.7994306467791,8.0,21.032672208307346,10.900059984373511,329.5804130409127,341250,1.9720707754755857,13.96438018755705,-6.682676953864248,9.62507089115082,11.71751513459177,0,0,0,0,0,10,10,1,1
313,1954,3,17,21,19798.875,78.29505019054028,-170.6279072914209,351,411,993.4241743681187,1001.4241743681187,8.0,20.071945119895616,10.611672099659481,354.86807227681413,395625,1.6247437213396188,11.495602439664353,1.3191864136205798,8.234635248633362,8.33963251420086,0,0,0,0,0,12,12,1,1
313,1954,3,18,0,19799.0,78.51705578602002,-170.44571032759825,351,410,994.3407666742612,1000.3407666742612,6.0,18.551004017797172,10.01040075064906,274.22747967867946,236250,0.9165923061425565,6.480042243657675,1.3443862683941015,8.228631968017764,8.337731016513457,0,0,0,0,0,14,14,1,1
313,1954,3,18,3,19799.125,78.7388936737038,-170.25635871296285,351,409,995.7431797925275,1001.7431797925275,6.0,17.156836724770642,9.721949756048852,298.87407349973716,280625,1.4024131182662678,9.906936941666874,1.3705386140067093,8.22241588266048,8.335856227161715,0,0,0,0,0,14,14,1,1
313,1954,3,18,6,19799.25,78.99716586736609,-171.20945681718607,352,408,997.1032728777517,1003.1032728777517,6.0,15.764362693882376,9.244922237258288,312.85825864361584,307500,1.3600930852242163,9.599461058214711,-6.742265435844181,9.572852542868771,11.708870526865017,0,0,0,0,0,14,14,1,1
313,1954,3,18,9,19799.375,79.21939105514161,-171.0273733851036,352,407,998.0110538592995,1002.0110538592995,4.0,14.659550817205963,8.882638398088456,203.42144725641097,130000,0.9077809815478395,6.402287590459323,1.2623769027907001,8.236771151090993,8.332946324088756,0,0,0,0,0,15,15,1,1
313,1954,3,18,12,19799.5,79.47492835791621,-172.04247477308286,353,406,1000.8670455601184,1004.8670455601184,4.0,12.226984695951641,8.063337404301492,237.69729657196956,177500,2.8559917008188496,20.125501067560478,-6.8726591445086305,9.471483878990133,11.702241263389167,0,0,0,0,0,15,15,1,1
313,1954,3,18,15,19799.625,79.47492835791621,-172.04247477308286,353,406,1001.3755552468007,1003.3755552468007,2.0,11.527235231291494,7.874761189783093,120.5109478725292,45625,0.5085096866822277,3.5833480325778946,0.0,0.0,0.0,0,0,0,0,0,17,17,1,1
313,1954,3,18,18,19799.75,79.50370062352418,-173.2544203525172,354,406,1002.4385995839532,1004.4385995839532,2.0,10.354437296206113,6.979534163034478,130.03927369650248,53125,1.0630443371525324,7.49032525173905,-8.183153159804709,1.066443321224904,8.252350998000933,0,0,0,0,0,19,19,1,1
313,1954,3,18,21,19799.875,79.75148619195654,-174.35175262626476,355,405,1003.3948304664171,1005.3948304664171,2.0,8.9699176037801,7.048163816746309,135.28790949515025,57500,0.9562308824640059,6.732374821943445,-7.236280296548895,9.184166035139443,11.692418838342675,0,0,0,0,0,18,18,1,1
313,1954,3,19,0,19800.0,79.75148619195654,-174.35175262626476,355,405,,,,8.9699176037801,,0.0,0,0.0,,0.0,0.0,0.0,0,3,0,0,0,18,18,0,0
316,1954,3,14,6,19795.25,45.590891216438266,-39.74859817814939,236,211,980.551237875037,986.551237875037,6.0,15.388408330653485,2.652468542484057,548.6362967600185,945625,-0.35365486581184086,-3.4299062754281833,22.531223065732956,10.556148148055364,24.88148461329246,2,0,0,2,0,5,5,1,2
316,1954,3,14,9,19795.375,45.550656910897104,-37.433055821666926,242,206,980.5100779973586,988.4851650363096,7.975087038951024,17.652464117983634,3.158014033716172,586.8317545217611,1081875,-0.04115987767843762,-0.39946215888673353,60.09967255035284,-1.4912835510814488,60.118171689509666,0,0,0,0,0,4,3,2,0
316,1954,3,14,12,19795.5,46.466787570669695,-37.928010734073005,243,210,981.7353562825768,989.7353562825768,8.0,17.54095934764976,3.125211581706681,580.6974562334101,1059375,1.225278285218228,11.709333759606581,-12.635894221633555,33.95636050341489,36.23120535419967,0,0,0,0,0,5,5,1,2
316,1954,3,14,15,19795.625,46.76270747051812,-37.4480085685769,245,210,981.3519231188703,991.3519231188703,10.0,18.193693756764464,3.285618908803444,669.3438315273289,1407500,-0.38343316370650427,-3.6464232245608916,12.187381294132768,10.968263852103526,16.39619086062181,0,0,0,0,0,2,2,1,2
316,1954,3,14,18,19795.75,47.036997874066415,-38.49248688719225,243,213,981.3755880779339,991.3755880779339,10.0,18.26758709702301,3.064681547005603,692.1389879977901,1505000,0.023664959063607965,0.22404619259854403,-26.384102674791677,10.16656710061967,28.275076667718366,0,0,1,0,0,4,4,1,1
316,1954,3,14,21,19795.875,45.89988495756027,-39.28940686250036,238,211,983.5376251034654,995.5376251034654,12.0,17.177211337136992,6.332434250325096,831.1031542587393,2170000,2.162037025531463,20.858532958086148,-20.555703643903946,-42.14706244582712,46.89255618014928,0,0,0,0,0,3,3,1,2
316,1954,3,15,0,19796.0,46.09244264280466,-29.986634206210326,264,194,982.0461369313998,996.0461369313998,14.0,18.874883336594234,6.045176275820195,852.024344827017,2280625,-3.4306368112028576,-32.99025725629001,-76.37520988242508,73.63415327744164,106.0903445817302,0,0,0,0,2,2,2,1,1
316,1954,3,15,3,19796.125,46.473175916043765,-30.96375653207352,262,197,981.7109162151313,997.7109162151313,16.0,19.21310838199358,4.684340977375541,946.3849334439137,2813750,-0.3352207162685227,-3.203187036914226,-24.942285647807537,14.1118694629881,28.65767738455512,0,0,0,0,0,2,2,1,1
316,1954,3,15,6,19796.25,46.915778647065885,-32.37753356019072,259,201,982.7254693511142,996.7254693511142,14.0,18.377863873941443,7.035397436110215,889.1581298109973,2483750,1.0145531359828601,9.624188837671106,-35.79362387910846,16.40505940289546,39.37396962984063,0,0,0,0,0,2,2,1,2
316,1954,3,15,9,19796.375,46.725469486229336,-33.31063082456081,256,202,985.1413961712014,996.3255490239161,11.184152852714615,16.332835126458466,7.235904229672814,808.4120144277268,2053125,2.415926820087334,22.98935325875509,-23.70785357506068,-7.05380439300252,24.734964676571888,0,0,0,0,0,3,2,2,0
316,1954,3,15,12,19796.5,46.04677703415273,-28.2398891676072,269,191,985.5165795684007,995.5165795684007,10.0,16.03152529857542,5.517580191254383,778.9597040526878,1906250,0.37518339719928917,3.610671861620434,130.42640649774387,-25.155719140957814,132.8301837588636,0,0,1,0,0,1,1,1,1
316,1954,3,15,15,19796.625,46.24874938205387,-24.34435335182329,281,186,986.8060902125603,994.70218328865,7.896093076089601,15.171403958666186,6.374039886087704,746.7523899246846,1751875,1.2895106441595998,12.367973712803707,99.83838521213346,7.486100136365642,100.11865389136054,0,0,0,1,0,2,3,2,0
316,1954,3,15,18,19796.75,46.24874938205387,-24.34435335182329,281,186,987.4818610393828,993.4818610393828,6.0,14.578349613813165,6.108343220015959,610.75313987865,1171875,0.6757708268224087,6.4814632278326005,0.0,0.0,0.0,0,0,0,0,0,1,1,1,3
316,1954,3,15,21,19796.875,46.24874938205387,-24.34435335182329,281,186,988.8206912518,990.8206912518,2.0,14.209471765274008,6.735287624673438,220.774095676764,153125,1.3388302124172333,12.841008291075665,0.0,0.0,0.0,0,0,1,2,0,1,1,1,1
316,1954,3,16,0,19797.0,46.24874938205387,-24.34435335182329,281,186,,,,14.209471765274008,,0.0,0,0.0,,0.0,0.0,0.0,0,3,0,0,0,1,1,0,0
318,1954,3,15,0,19796.0,39.248392686697606,62.67417113213589,554,259,1008.5481180411969,1014.5481180411969,6.0,9.167385163339649,3.9670964980662387,636.1221917298153,1271250,,,,,,3,0,0,0,0,4,4,1,1
318,1954,3,15,3,19796.125,39.91856178455399,62.901704637778224,552,261,1008.7159094829342,1012.7159094829342,4.0,9.850883169567282,3.6328170713406145,324.40901053995987,330625,0.16779144173735402,1.8115888931299784,6.4681509511920465,24.83980122519689,25.668126180823943,0,0,3,3,0,5,5,1,1
318,1954,3,15,6,19796.25,40.806787084963815,63.013220943257934,549,263,1009.7503582973102,1015.7503582973102,6.0,9.814961829617273,5.397612535007865,589.368868619697,1091250,1.0344488143759372,10.966731416562725,3.1286046958097575,32.92204904097038,33.0703716398637,0,0,0,0,0,4,4,1,1
318,1954,3,15,9,19796.375,41.24827365077031,63.981763626297045,549,267,1008.683272522038,1014.683272522038,6.0,10.07307484058379,6.958007602144789,610.5902506532223,1171250,-1.067085775272135,-11.212994699462792,26.990878886646183,16.36368876647069,31.563869425650616,0,0,0,0,0,7,7,1,2
318,1954,3,15,12,19796.5,42.18298817389338,66.22011524503635,549,276,1008.2338344734011,1014.2338344734011,6.0,9.614319012563673,8.386086298298542,440.64615120537735,610000,-0.44943804863694825,-4.6370742097787545,61.47522537579142,34.64517094409107,70.56551002259985,0,0,0,0,0,5,5,1,2
318,1954,3,15,15,19796.625,43.53346528061381,67.69716627662793,546,283,1008.0251397577108,1016.0251397577108,8.0,10.492528958507062,11.333143940641895,553.8692560610566,963750,-0.20869471569021697,-2.099194691449912,39.6894300365749,50.055400938978245,63.88109281931578,0,0,0,0,0,9,9,1,1
318,1954,3,15,18,19796.75,43.698880282127355,69.7610560608774,548,290,1008.4451305248974,1014.4451305248974,6.0,9.938597450393544,12.966082800523655,475.3945931439391,710000,0.41999076718653666,4.21177446556473,55.30516392314846,6.131102986402518,55.643971644700166,0,0,0,0,0,6,6,1,1
318,1954,3,15,21,19796.875,43.101360602165386,72.09967745987232,553,297,1009.0055440920227,1013.0055440920227,4.0,9.330872859382426,8.789284705599421,426.6538012972055,571875,0.5604135671252152,5.682291214107454,63.287698279363006,-22.147052327350437,67.05091110708403,0,0,0,0,0,6,6,1,1
318,1954,3,16,0,19797.0,45.027675579233204,72.58477128865236,546,301,1010.6022954165289,1012.6022954165289,2.0,8.293258920706243,11.2867441797824,357.38192711893817,401250,1.596751324506331,15.637352479090655,12.70761188052022,71.3988175231238,72.52085592025419,0,0,0,0,0,5,5,1,1
318,1954,3,16,3,19797.125,45.027675579233204,72.58477128865236,546,301,,,,8.293258920706243,,0.0,0,0.0,,0.0,0.0,0.0,0,3,0,0,0,5,5,0,0
337,1954,3,14,21,19795.875,43.264405805703774,-131.19922193491004,207,493,1015.8134887539132,1019.8134887539132,4.0,9.964998731896138,18.266447847958116,179.5240261806447,101250,,,,,,3,0,0,0,0,18,18,1,1
337,1954,3,15,0,19796.0,44.03106894360869,-129.71366263803122,206,487,1014.3710765888897,1016.3710765888897,2.0,9.43214335686279,17.033219136227707,183.9033045027407,106250,-1.442412165023561,-14.377884428684892,39.58716314374104,28.416350460141643,48.73020068953914,0,0,0,0,0,19,19,1,1
337,1954,3,15,3,19796.125,44.49578847268118,-129.04464176045408,206,484,1009.9729807824391,1011.9729807824391,2.0,12.616113197687218,16.91231700206983,77.25484040463792,18750,-4.398095806450583,-43.47664181205963,17.687872484934392,17.224817981836484,24.68917146343102,0,0,0,0,0,17,17,1,1
337,1954,3,15,6,19796.25,44.99156746340413,-128.77417093557423,207,482,1007.6047053372421,1015.6047053372421,8.0,14.690695346493284,13.105877928993653,593.9083621463947,1108125,-2.3682754451970687,-23.207681498491883,7.089781521876604,18.376036168450753,19.696286637134246,0,0,2,0,0,15,15,1,3
337,1954,3,15,9,19796.375,45.33362999756282,-128.72892255049888,208,481,1005.1977907954605,1015.1977907954605,10.0,16.724577542137812,10.23686583278053,638.1517927863144,1279375,-2.406914541781589,-23.446719312439168,1.1789846306838316,12.678539464542034,12.733238696943465,0,0,1,0,0,16,16,1,2
337,1954,3,15,12,19796.5,44.06169299461106,-130.11825763536996,207,488,998.1066915865094,1012.1066915865094,14.0,22.027373452178317,10.69178235930769,619.3249654676192,1205000,-7.0910992089510545,-70.64463549157928,-37.00390848608758,-47.144313913239884,59.93225823875527,0,0,0,0,0,16,16,1,2
337,1954,3,15,15,19796.625,43.68670210906646,-129.7508124792657,205,488,996.9265376012283,1012.9265376012283,16.0,21.58222719348653,10.607947768665836,714.2069676287992,1602500,-1.1801539852810674,-11.837518247809351,9.848515030282961,-13.899028003503384,17.034559804816812,0,0,0,0,0,18,18,1,2
337,1954,3,15,18,19796.75,44.267893656015175,-128.45703205956676,204,483,996.1760596483072,1014.1760596483072,18.0,21.141520300993975,8.761734901512828,807.7965503001179,2050000,-0.7504779529212101,-7.448937722197489,34.33869278173186,21.54185047646664,40.53636816376881,0,0,0,0,0,15,15,1,2
337,1954,3,15,21,19796.875,43.304326763253016,-127.57721701438828,199,483,995.8602116451998,1009.8602116451998,14.0,19.297692990667663,7.894968287789888,700.1408606295148,1540000,-0.31584800310738503,-3.190471366373509,23.73110614356854,-35.71458331927123,42.8800286901313,0,0,0,0,0,14,14,1,2
337,1954,3,16,0,19797.0,44.848600384592444,-120.81350570643929,191,460,998.2060228510807,1011.057007480608,12.850984629527375,15.409530231397303,18.31003950791892,801.3677029777265,2017500,-2.215563346888812,-21.76558855688285,15.649753790214987,21.751726881128228,26.796500070075286,0,0,0,0,2,14,15,2,0
337,1954,3,16,3,19797.125,45.5795724426088,-119.28505345271938,191,454,999.9698539352601,1012.5147607480317,12.54490681277166,12.978708612621194,10.597536948088237,880.275882424746,2434375,1.763831084179401,17.109750116196416,39.65118799423693,27.09346145678346,48.023664615109595,0,0,0,0,0,11,12,2,0
337,1954,3,16,6,19797.25,46.14449619930224,-118.64639680081756,192,451,1000.492249804521,1013.6681273720778,13.17587756755689,12.764136492787358,9.459685970527572,938.6807517428413,2768125,0.522395869260945,5.019162367462947,16.40076922596919,20.938885228431857,26.59740862965676,0,0,0,0,0,12,13,2,0
337,1954,3,16,9,19797.375,46.927373010498734,-117.45275741527654,193,446,1000.8356975733052,1012.2365826495935,11.400885076288251,13.117752394517044,10.657666435831416,858.0737471096998,2313125,0.34344776878424454,3.257375753682785,30.21381673163967,29.01730986424015,41.89127586085721,0,0,0,0,0,11,12,2,0
337,1954,3,16,12,19797.5,47.04087104809588,-116.49659747068424,192,443,1001.5674281094891,1003.5674281094891,2.0,12.466791224209274,15.19649841886472,126.15662610100802,50000,0.7317305361838953,6.9271668759841525,24.15140723605365,4.2068019883054,24.515049550235766,0,0,0,2,0,10,10,1,1
337,1954,3,16,15,19797.625,47.04087104809588,-116.49659747068424,192,443,,,,12.466791224209274,,0.0,0,0.0,,0.0,0.0,0.0,0,3,0,0,0,10,10,0,0
342,1954,3,14,15,19795.625,62.013658921339974,73.32293763849982,478,324,993.9270083117827,993.9270083117827,0.0,11.192916505026092,5.899310238556645,14.104739588693906,625,,,,,,3,0,0,0,0,10,10,1,1
342,1954,3,14,18,19795.75,62.20487757455022,74.6630886622641,478,327,990.8472390996166,992.8472390996166,2.0,13.499107029658203,5.915298106808186,191.84519954901347,115625,-3.0797692121661386,-24.12024452745497,23.162513469363933,7.087514705594734,24.222611232492817,0,0,0,0,0,10,10,1,1
342,1954,3,14,21,19795.875,62.380278967383596,76.02065401040431,478,330,987.5316019653432,991.5316019653432,4.0,15.47077880027431,6.456224871121085,276.7549753174722,240625,-3.31563713427342,-25.925807641149923,23.327107158514703,6.50124833648721,24.21611360886601,0,0,0,0,0,10,10,1,1
342,1954,3,15,0,19796.0,62.1560215429069,76.13310317050552,479,330,984.3560041030457,990.3560041030457,6.0,19.253073618940054,7.334174070011577,334.3745617149374,351250,-3.1755978622974363,-24.881951799313143,1.9466938178561843,-8.31209595472812,8.537010951210444,0,0,0,0,0,9,9,1,1
342,1954,3,15,3,19796.125,62.41055847497133,78.41372346537152,479,335,981.5920658303046,1001.5920658303046,20.0,21.23870989421132,6.257736055272253,1178.5689482735054,4363750,-2.76393827274107,-21.605963016782827,39.147104322655174,9.434405163078498,40.267900089649196,0,0,2,0,0,9,9,1,2
342,1954,3,15,6,19796.25,63.179665865379285,82.00647850636021,477,343,979.4453165507933,1001.4453165507933,22.0,22.08266937554546,6.433332133149817,1203.374853675023,4549375,-2.1467492795112775,-16.66594150245437,60.07561792030835,28.50694661940023,66.49605908674745,0,0,0,0,0,8,8,1,1
342,1954,3,15,9,19796.375,63.77455196248749,84.31396570347944,475,348,977.8350400424828,1001.8350400424828,24.0,23.034418986372238,9.204286012202138,1240.5757936130417,4835000,-1.6102765083106352,-12.436510074140482,37.792676845166454,22.04943864327167,43.75459024612827,0,0,0,0,0,11,11,1,1
342,1954,3,15,12,19796.5,64.0937676590485,86.75088843927932,474,353,977.7465441198145,999.7465441198145,22.0,23.180122850759716,8.56794416767465,1094.0951127438225,3760625,-0.08849592266822583,-0.6816128333029622,39.46032629123577,11.831721987630592,41.19595849356311,0,0,0,0,0,11,11,1,1
342,1954,3,15,15,19796.625,65.74383716790773,89.7335099239416,467,359,975.8977582842074,997.8977582842074,22.0,23.898568612510154,7.295896353438219,1013.9728459745082,3230000,-1.848785835607123,-14.04904362494829,45.411873500109515,61.15978599867535,76.17583395141608,0,0,0,0,0,13,13,1,1
342,1954,3,15,18,19796.75,65.97095423117537,90.80692945510238,466,361,974.5634578707617,996.5634578707617,22.0,25.19396975018734,7.773569658383423,967.5892479446402,2941250,-1.3343004134457441,-10.121436774595692,16.200759319231093,8.418088396591047,18.25729483720066,0,0,0,0,0,10,10,1,1
342,1954,3,15,21,19796.875,66.99429198899304,95.9061411137705,461,370,972.407258500658,996.407258500658,24.0,26.04751637403215,5.30919806013364,968.7194295592444,2948125,-2.156199370103568,-16.229375873949678,73.84570224673072,37.92998897104737,83.01729821944693,0,0,0,0,0,9,9,1,1
342,1954,3,16,0,19797.0,67.62340612894295,97.23237870827765,458,372,972.0964898167024,994.0964898167024,22.0,25.939230060472926,9.991758931323929,877.6730168831521,2420000,-0.3107686839556845,-2.3283927835818004,18.713337887631027,23.318100214261595,29.898541979484442,0,0,0,0,0,10,10,1,1
342,1954,3,16,3,19797.125,67.36704836574812,97.72661761909723,459,373,972.6686467444177,992.995437692917,20.326790948499255,25.845861514696374,15.19111352319742,827.3845532604623,2150625,0.5721569277154049,4.294763271697901,7.049594702189138,-9.501894224403973,11.8314318371402,0,0,0,1,0,6,7,2,0
342,1954,3,16,6,19797.25,67.07513332405003,98.767581244553,460,375,974.5451983534311,992.8254921224978,18.28029376906663,24.338756090005436,23.28974247418744,824.8559763485092,2137500,1.8765516090134042,14.116068289383513,15.028931551261776,-10.819823882687345,18.518568314664154,0,0,0,0,0,7,8,2,0
342,1954,3,16,9,19797.375,68.98109923881806,110.37643521383639,447,392,973.4389280299797,991.4389280299797,18.0,26.06115119975025,12.59267761361807,721.2750655829112,1634375,2.613435907481908,19.397053173100787,46.17985101946905,10.522486385259166,47.363502403309674,0,0,0,0,2,7,7,1,1
342,1954,3,16,12,19797.5,69.90141410368584,114.12535317354998,441,396,975.0294365628965,993.0294365628965,18.0,24.95827103116878,8.638802730249736,721.5508350694098,1635625,1.5905085329168651,11.733930656740814,47.742002859309885,34.11144796295653,58.676142674411075,0,0,0,0,0,7,7,1,1
342,1954,3,16,15,19797.625,70.83452992296019,116.1139126302907,436,397,975.875152812725,991.875152812725,16.0,24.258968515608366,7.310772125974327,628.8879340417973,1242500,0.8457162498284014,6.203104903702257,24.196377825396404,34.58591502502975,42.209598647557804,0,0,0,0,0,5,5,1,1
342,1954,3,16,18,19797.75,71.33969844398455,117.64597536373869,433,398,978.0718133692368,994.0718133692368,16.0,23.210635917521554,9.558755675680878,659.3117155941787,1365625,2.196660556511779,16.063324505408108,18.168528518993327,18.724058879480676,26.089956103215908,0,0,0,0,0,6,6,1,1
342,1954,3,16,21,19797.875,71.91469771466576,120.23080146970838,429,400,979.1713161356582,993.1713161356582,14.0,22.30256357667475,7.839991111385171,565.7741415914787,1005625,1.0995027664215014,8.01348149672588,29.739185933706924,21.312333908024783,36.58735787955636,0,0,0,0,0,7,7,1,1
342,1954,3,17,0,19798.0,73.07602560709736,122.52953827833112,423,400,981.4988100432361,995.4988100432361,14.0,20.871951032565903,7.642825750641423,576.2265179818321,1043125,2.3274939075777366,16.855323499012783,24.801176743475576,43.04458993640366,49.678316101235325,0,0,0,0,0,4,4,1,1
342,1954,3,17,3,19798.125,73.6446065318325,123.79920221211557,420,400,983.2229899582992,995.2229899582992,12.0,19.591874928207595,9.750992391293112,500.8672269659895,788125,1.7241799150631414,12.449246342410035,13.251605917970492,21.074438072472624,24.89451745818091,0,0,0,0,0,5,5,1,1
342,1954,3,17,6,19798.25,74.20409204202426,125.15886824036562,417,400,985.1251191601847,997.1251191601847,12.0,18.214445374470664,10.665313276404994,525.1056454721361,866250,1.9021292018855456,13.695515442563385,13.718070738331539,20.737316754822608,24.86406585761296,0,0,0,0,0,8,8,1,1
342,1954,3,17,9,19798.375,74.75357092598281,126.61675151907066,414,400,986.7805517047132,996.7805517047132,10.0,17.249327458743377,10.175575257693199,452.6720548375118,643750,1.6554325445284486,11.887571452674884,14.209655986222058,20.366421398168278,24.833554796173324,0,0,0,0,0,8,8,1,1
342,1954,3,17,12,19798.5,75.25070419876928,126.95710576649469,412,399,990.496501768791,998.496501768791,8.0,15.016219564492605,10.252151387195335,411.94533383901,533125,3.7159500640777696,26.6220795698027,3.2117057068663817,18.426232600020477,18.704039707442227,0,0,0,0,0,11,11,1,1
342,1954,3,17,15,19798.625,75.29200999865051,128.18178542834812,411,400,992.1586455470239,998.1586455470239,6.0,14.013227017254385,9.358114452343361,315.39156525252,312500,1.662143778233003,11.905794732573415,11.524681299586215,1.5309984625959114,11.625929440242757,0,0,0,0,0,9,9,1,1
342,1954,3,17,18,19798.75,75.60901174068675,128.03174325862145,410,399,994.1466707108924,1000.1466707108924,6.0,12.59098662266027,9.887229067784574,368.3471039465911,426250,1.988025163868442,14.219621901028365,-1.382193780154253,11.749661817305993,11.83068098069403,0,0,0,0,0,9,9,1,1
342,1954,3,17,21,19798.875,75.96182055696012,129.16050768848257,408,399,995.8641291666339,999.8641291666339,4.0,11.41444194878803,8.03397412442806,228.30515513802078,163750,1.7174584557415802,12.265210255402343,10.148331754129353,13.076850148356415,16.552723256142457,0,0,0,0,0,11,11,1,1
342,1954,3,18,0,19799.0,75.9907097502124,130.4519575908746,407,400,997.8317020748266,1001.8317020748266,4.0,10.001461764677824,7.111428727692546,334.076942998453,350625,1.9675729081926692,14.049630341223018,11.587510504542822,1.070777241502981,11.636879461170464,0,0,0,0,0,13,13,1,1
342,1954,3,18,3,19799.125,76.16162537545377,131.05481377096245,406,400,999.3302129817239,1001.3302129817239,2.0,8.883490355095816,6.40018079892383,177.29382747475822,98750,1.4985109068972815,10.69234076959485,5.34450355635241,6.334983470373951,8.288288956942484,0,0,0,0,0,12,12,1,1
342,1954,3,18,6,19799.25,76.49856492652563,132.30571571014391,404,400,1000.6346335850357,1002.6346335850357,2.0,7.9822496907563565,4.655020194443568,185.5188843315482,108125,1.3044206033117371,9.294143302947278,10.824538468705082,12.488656221695832,16.526861991442242,0,0,0,0,0,12,12,1,1
342,1954,3,18,9,19799.375,76.50981317497545,133.6521127198014,403,401,1001.2478931829705,1003.2478931829705,2.0,7.848685834566143,4.860659855857448,196.9619693713725,121875,0.6132595979349571,4.369337638554494,11.641333158672493,0.4169160537518628,11.648796363018958,0,0,0,0,0,13,13,1,1
342,1954,3,18,12,19799.5,76.8324260643292,135.0,401,401,1001.8996611002507,1003.8996611002507,2.0,8.463597787871397,3.4600139832984134,193.39444569737623,117500,0.6517679172800854,4.637510097158603,11.380496818986208,11.95763885542697,16.507599305888547,0,0,0,0,0,14,14,1,1
342,1954,3,18,15,19799.625,76.99084347904011,135.69869438298346,400,401,1002.4160044253081,1004.4160044253081,2.0,8.152577716970923,3.111813749110006,214.37348207692287,144375,0.5163433250573871,3.6715655164692422,5.82957596268779,5.871737602666366,8.274131880705882,0,0,0,0,0,16,16,1,1
342,1954,3,18,18,19799.75,76.98307191211023,137.09525256462385,399,402,1003.0361500338018,1003.0361500338018,0.0,7.887108892104504,2.8085611994649664,14.104739588693906,625,0.6201456084937672,4.409811257178281,11.6588573307069,-0.28805293822660855,11.662415219541748,0,0,0,0,0,18,18,1,1
342,1954,3,18,21,19799.875,76.98307191211023,137.09525256462385,399,402,,,,7.887108892104504,,0.0,0,0.0,,0.0,0.0,0.0,0,3,0,0,0,18,18,0,0
352,1954,3,16,12,19797.5,56.26031769126669,-150.7579103805899,287,489,1013.9932443898261,1017.9932443898261,4.0,9.405601897875442,3.0715838609586354,339.6871115329872,362500,,,,,,3,0,0,0,0,13,13,1,1
352,1954,3,16,15,19797.625,56.636809330288195,-149.50477327719653,285,486,1011.5125963164511,1015.5125963164511,4.0,11.31105357390596,2.9856154974797393,296.53516833298573,276250,-2.4806480733750504,-20.577593796329793,25.543179814063357,13.954653394428492,29.106466401337837,0,0,0,0,0,10,10,1,1
352,1954,3,16,18,19797.75,56.673544786010495,-148.09815079471878,282,484,1009.1549029110882,1013.1549029110882,4.0,13.368500803677064,3.8414612641774877,268.731381546606,226875,-2.3576934053628067,-19.54940498288977,28.643703685934582,1.3615987680984816,28.676047706281103,0,0,0,0,0,9,9,1,1
352,1954,3,16,21,19797.875,56.81763519368797,-147.01725184256446,280,482,1007.1784865475233,1011.1784865475233,4.0,15.201463625034693,4.2196773757487245,253.1005029518667,201250,-1.976416363564931,-16.36094807000795,21.926748366020508,5.340707437293786,22.56779674309276,0,0,0,0,0,11,11,1,1
352,1954,3,17,0,19798.0,57.14305823652616,-145.7056849104723,278,479,1005.5352647494577,1009.5352647494577,4.0,15.400269249255564,4.1050767565169375,260.46073503106066,213125,-1.6432217980656423,-13.552615995344684,26.374358329814072,12.061797125613632,29.00161594133841,0,0,0,0,0,9,9,1,1
352,1954,3,17,3,19798.125,56.93330444320718,-144.50808560046093,275,478,1003.3519596555936,1007.3519596555936,4.0,17.010529236992966,4.8639902405565225,243.0766805410715,185625,-2.1833050938640373,-18.049798865708205,24.218985394231183,-7.7745192205069165,25.436241912594216,0,0,0,0,0,14,14,1,1
352,1954,3,17,6,19798.25,56.986438560604064,-143.95813236286227,274,477,1002.6457492074212,1014.6457492074212,12.0,17.470124863743518,5.800659956254676,1171.7974532850492,4313750,-0.7062104481724965,-5.8348557977881255,11.10593995594162,1.9694147620897642,11.279206390970849,0,0,0,0,0,14,14,1,1
352,1954,3,17,9,19798.375,56.75512869839178,-142.77763789012934,271,476,1002.3993445402666,1014.3993445402666,12.0,17.559275604426475,5.518580970166658,1153.229592584083,4178125,-0.2464046671545657,-2.0412169023245705,23.98699729620429,-8.573494386952865,25.473139682638735,0,0,0,0,0,16,16,1,1
352,1954,3,17,12,19798.5,56.75512869839178,-142.77763789012934,271,476,1001.4578188426469,1015.4578188426469,14.0,18.078583349185205,6.262798397397056,1429.249346539811,6417500,-0.9415256976196542,-7.79960132308947,0.0,0.0,0.0,0,0,0,0,0,21,21,1,1
352,1954,3,17,15,19798.625,56.50930912829422,-141.61346048231476,268,475,1002.220386699384,1008.220386699384,6.0,16.788382695974967,4.204460528553318,589.7063257722367,1092500,0.7625678567370051,6.334988462823945,23.810063831151652,-9.111296354931294,25.49382005331685,0,0,0,0,0,18,18,1,1
352,1954,3,17,18,19798.75,56.279292088370276,-139.922418187136,264,473,1004.4788165312484,1012.4788165312484,8.0,14.218758402828731,3.6301821192687203,911.0395316473563,2607500,2.258429831864487,18.811895824418368,34.79475441451982,-8.525575960447256,35.82401959892417,0,0,0,0,0,16,16,1,3
352,1954,3,17,21,19798.875,56.279292088370276,-139.922418187136,264,473,1006.3584080716553,1014.3397874158935,7.98137934423823,12.511740002590136,3.876185244235385,1423.1116087097205,6362500,1.8795915404068364,15.656311190948301,0.0,0.0,0.0,0,0,0,0,0,17,19,2,0
352,1954,3,18,0,19799.0,56.306188478275054,-139.37774092874008,263,472,1006.3500568389302,1008.3500568389302,2.0,13.142636534154661,6.085021621632768,183.9033045027407,106250,-0.008351232725108276,-0.06954093845595039,11.199605204211878,0.996914034155121,11.243886975672835,0,0,0,2,0,19,19,1,1
352,1954,3,18,3,19799.125,56.17504807415652,-138.5423611921937,261,471,1006.9451657533504,1008.9451657533504,2.0,12.419296022296802,4.953785467035704,162.6637921881437,83125,0.595108914420125,4.963075022697795,17.23586271335415,-4.860715872032887,17.908141228564855,0,0,0,0,0,17,17,1,1
352,1954,3,18,6,19799.25,56.35052940273592,-138.2861019790753,261,470,1008.3190171133174,1010.3190171133174,2.0,12.275045276146738,7.805860429233579,174.46599343804792,95625,1.373851359967084,11.434200392461854,5.263072362722169,6.504211152958836,8.366880745984373,0,0,0,0,0,18,18,1,1
352,1954,3,18,9,19799.375,56.36796304438239,-137.7393357219186,260,469,1008.9109009780759,1010.9109009780759,2.0,12.227476111048958,7.2076338829602165,156.42912932180792,76875,0.5918838647585654,4.925095089572789,11.22437270866055,0.6461775013420251,11.242957265157791,0,0,0,0,0,19,19,1,1
352,1954,3,18,12,19799.5,56.050638996069296,-137.1713117909148,258,469,1010.1855241380829,1012.1855241380829,2.0,11.306150845193192,4.49239290563084,228.7404370492034,164375,1.2746231600068858,10.645585588827693,11.757667484256586,-11.761608091576267,16.630639481696935,0,0,0,0,0,17,17,1,1
352,1954,3,18,15,19799.625,55.89059556734994,-136.89115470168537,257,469,1010.5096501275832,1012.5096501275832,2.0,10.969632458624607,5.974162202479784,199.96919625742038,125625,0.3241259895003168,2.712194083288247,5.8230914033702765,-5.932005772130656,8.312465697528998,0,0,0,0,0,20,20,1,1
352,1954,3,18,18,19799.75,55.567795515032714,-136.33844292102376,255,469,1011.6258923741369,1013.6258923741369,2.0,9.973752448468103,4.73979873839984,211.1004122822376,140000,1.1162422465537383,9.376324421321772,11.583523131376339,-11.964576046091453,16.6532005361683,0,0,0,0,0,22,22,1,1
352,1954,3,18,21,19799.875,55.241442296605605,-135.79572355273928,253,469,1012.5171997767958,1012.5171997767958,0.0,8.746205139782417,3.4507158321136377,14.104739588693906,625,0.8913074026588583,7.516365623789999,11.468426121962542,-12.096274061072506,16.668672528893488,0,0,0,0,0,23,23,1,1
352,1954,3,19,0,19800.0,55.241442296605605,-135.79572355273928,253,469,,,,8.746205139782417,,0.0,0,0.0,,0.0,0.0,0.0,0,3,0,0,0,23,23,0,0
359,1954,3,16,21,19797.875,58.4927687013269,117.21086997105249,483,423,1000.8226107762105,1000.8226107762105,0.0,8.505526981265731,9.934561764567553,14.104739588693906,625,,,,,,3,0,0,0,0,9,9,1,1
359,1954,3,17,0,19798.0,57.75484633760724,117.91824313085768,485,426,1002.7408505530464,1004.7408505530464,2.0,10.27366731890358,17.747613143466516,104.60354839855006,34375,1.918239776835835,15.713383777512782,13.988776484110318,-27.351074367728728,30.720793228551656,0,0,0,0,0,6,6,1,1
359,1954,3,17,3,19798.125,58.08204840163245,121.03362939928022,480,432,1003.7604939833853,1003.7604939833853,0.0,9.403762366746692,12.004634787804752,14.104739588693906,625,1.019643430339056,8.322627613249006,61.04497443298561,12.127736502410073,62.238018093411014,0,0,0,3,0,9,9,1,1
359,1954,3,17,6,19798.25,55.962690765373466,118.53408570491727,491,431,1002.235363679715,1004.235363679715,2.0,13.384190576352246,11.789534728094514,183.9033045027407,106250,-1.5251303036704484,-12.750999830479959,-51.85389979176737,-78.55393896580121,94.12517331010591,0,0,0,0,0,12,12,1,1
359,1954,3,17,9,19798.375,54.177218190171125,118.27608058255639,498,434,1001.8243878619614,1003.8243878619614,2.0,15.975253553958273,10.367551987320839,145.90056078898738,66875,-0.4109758177534968,-3.5116114298002987,-5.5970035122013995,-66.17849734183187,66.41475708559388,0,0,0,0,0,12,12,1,1
359,1954,3,17,12,19798.5,54.56928337906408,119.44801462961753,495,436,1004.9549923389949,1008.9549923389949,4.0,15.307411604167983,15.536588823945857,269.8395568936143,228750,3.1306044770334847,26.618812313068787,25.181332717370097,14.53188663961269,29.073617709694254,0,0,0,0,0,15,15,1,1
359,1954,3,17,15,19798.625,53.48504457197339,120.16632929430142,498,440,1006.709090182892,1008.709090182892,2.0,15.616506967264813,9.902112411314011,118.84864828598478,44375,1.7540978438971797,15.120968747470883,15.842268391721642,-40.18728487321131,43.19716811639371,0,0,0,0,0,13,13,1,1
359,1954,3,17,18,19798.75,53.20249147609313,121.57261543535039,497,444,1008.5804197464969,1010.5804197464969,2.0,15.1426433266211,6.159820013007775,325.0216815494707,331875,1.8713295636048133,16.19086033972698,31.22116546927597,-10.472823589866097,32.93085494189858,0,0,2,0,0,13,13,1,3
359,1954,3,17,21,19798.875,51.50045011584644,125.34010692155768,497,457,1008.6644357035622,1008.6644357035622,0.0,14.661060894093785,4.554269835506347,14.104739588693906,625,0.08401595706527587,0.7437642742328952,86.91872461348783,-63.08612139954499,107.39982961659419,0,0,1,2,0,16,16,1,1
359,1954,3,18,0,19799.0,50.27416590334433,126.57303097851934,499,463,1008.6804384386675,1014.6114696506341,5.931031211966619,16.309062544526274,5.440848045603852,653.0966601401967,1340000,0.016002735105284955,0.14415361935529797,29.2061204757507,-45.452194351517704,54.02684003911577,0,0,0,1,0,17,18,2,0
359,1954,3,18,3,19799.125,50.22329384985473,126.11214830878028,500,462,1007.1010939987613,1011.1010939987613,4.0,18.58046334363054,5.761087411869303,430.3679414445194,581875,-1.579344439906272,-14.237341685981955,-10.929387036053916,-1.8855714186780024,11.090846701618355,0,0,0,0,0,16,16,1,1
359,1954,3,18,6,19799.25,49.06493414229991,123.823416655681,508,459,1004.3932096277154,1014.3932096277154,10.0,21.21400117127728,4.626076427784501,690.1240230585346,1496250,-2.707884371045802,-24.833818605130784,-55.57995354317264,-42.93457423652372,70.23182256450986,0,0,0,0,0,16,16,1,1
359,1954,3,18,9,19799.375,49.12940316071164,124.26879309158755,507,460,1002.7468023409738,1014.7468023409738,12.0,23.22761523928223,5.7258882641889794,710.0163957568716,1583750,-1.6464072867415962,-15.084375320258031,10.801953863617106,2.3895425910463572,11.06309726370229,0,0,0,0,0,18,18,1,1
359,1954,3,18,12,19799.5,48.522897178657345,124.87532834460218,508,463,1003.2756877622253,1017.2756877622253,14.0,23.815092990654865,4.527087218874512,723.7532082493317,1645625,0.5288854212514706,4.890717561957202,14.889734338492223,-22.48012939467085,26.96405767446767,0,0,0,0,0,16,16,1,1
359,1954,3,18,15,19799.625,48.719817861124966,125.05714381169739,507,463,1000.4301617745239,1016.4301617745239,16.0,27.50752420830467,9.490041087635182,700.2829202557367,1540625,-2.845525987701403,-26.233642560550184,4.445989434765858,7.298860280594471,8.546354980322853,0,0,0,0,0,19,19,1,1
359,1954,3,18,18,19799.75,48.19856487038086,123.8207801041821,511,461,1000.8856742311505,1010.8856742311505,10.0,26.941402468824005,11.748964383094208,456.61031027604156,655000,0.4555124566266022,4.233474389744597,-30.544903740726355,-19.32022935634952,36.1422523774071,0,0,0,0,0,21,21,1,1
359,1954,3,18,21,19799.875,46.725469486229336,123.31063082456082,517,463,1001.5768746448177,1005.5768746448177,4.0,25.02299419735876,15.42745866101133,146.58075357087597,67500,0.6912004136672476,6.577289655578055,-12.961772108830063,-54.600244393722086,56.117681919831874,0,0,0,0,0,21,21,1,1
359,1954,3,19,0,19800.0,45.78491862801356,123.97922906270942,519,467,,,,21.986654854643376,,0.0,0,3.487802429683943,,17.281476358797917,-34.861494561593666,38.909808894515486,0,2,2,0,0,20,21,0,0
363,1954,3,15,6,19796.25,32.68787170619303,152.65012421993012,472,577,1008.8205989314354,1014.8205989314354,6.0,8.316890253619377,9.443065270792577,516.70341302981,838750,,,,,,3,0,0,0,0,18,18,1,4
363,1954,3,15,9,19796.375,33.72486094107801,153.48814823150863,467,575,1006.8698920942268,1012.8698920942268,6.0,11.160270673480403,12.692843279671578,332.88380724771235,348125,-1.9507068372085632,-24.342152067109154,25.834058002132068,38.43598063474423,46.311155893714826,0,0,1,0,0,17,17,1,1
363,1954,3,15,12,19796.5,34.961414283879755,154.79241466745262,460,573,1004.652297123312,1010.652297123312,6.0,13.081110864039548,14.078283149005147,280.6807738882166,247500,-2.217594970914797,-26.812020452905482,39.61832613878474,45.83281941497459,60.58266337463866,0,0,0,0,0,17,17,1,1
363,1954,3,15,15,19796.625,36.619932318752994,155.94875905909973,453,569,1001.4925142894241,1009.4925142894241,8.0,15.696748061344985,16.895892417698562,311.2644721248978,304375,-3.1597828338878755,-36.699859492133434,34.39955821668774,61.47293040880254,70.44324508814717,0,0,0,0,0,20,20,1,1
363,1954,3,15,18,19796.75,38.15714803432474,158.31770838675507,442,567,998.1779691778227,1006.1779691778227,8.0,18.794304069941283,27.056351303644842,261.22343281308076,214375,-3.3145451116014737,-37.16911808508974,69.0409172401608,56.97686290995431,89.5154241481459,0,0,0,0,0,18,18,1,1
363,1954,3,15,21,19796.875,39.80145059918337,159.89265681598872,434,563,993.5501753461884,1005.5501753461884,12.0,24.07222368608588,42.50178807953154,253.1005029518667,201250,-4.62779383163419,-50.08723028709544,44.847352580425735,60.946034360305056,75.66838268207206,0,0,0,0,0,17,17,1,1
363,1954,3,16,0,19797.0,41.23304163349748,161.04966076495302,428,559,994.209673493575,1006.209673493575,12.0,23.48260731188382,45.23147317061761,188.70855443464026,111875,0.6594981473864755,6.9321437914921145,32.25027072385376,53.06188668185504,62.09383045037474,0,0,0,0,0,18,18,1,1
363,1954,3,16,3,19797.125,42.558541868345394,162.005779249839,423,555,988.4065264570959,1004.4065264570959,16.0,27.550369525019157,57.79889698174331,223.90579955406923,157500,-5.803147036479058,-59.445240258156765,26.10339420267676,49.12963379375328,55.63369577521022,0,0,0,0,0,15,15,1,1
363,1954,3,16,6,19797.25,43.86230395230419,163.01297742306718,418,551,988.3626313167953,1002.3626313167953,14.0,27.48071905031488,38.799375634533064,201.94913757502948,128125,-0.043895140300592175,-0.43888343754140047,26.91631109338601,48.32390976258474,55.31444709674289,0,0,0,0,0,16,16,1,1
363,1954,3,16,9,19797.375,45.14362253288314,164.0747857747177,413,547,988.9697483430693,1000.9697483430693,12.0,27.114275398294,23.148780621046388,210.62867892778948,139375,0.6071170262740634,5.933652567367772,27.758779091078996,47.49204185859582,55.00948878626252,0,0,0,0,0,15,15,1,1
363,1954,3,16,12,19797.5,46.697236903578464,165.41108126712535,407,542,991.4188081673735,1011.4188081673735,20.0,24.07654769610891,11.169844233602781,948.0651565749471,2823750,2.4490598243041313,23.31545823207835,33.96974879388712,57.5846786611329,66.85760278102805,0,0,2,0,0,15,15,1,2
363,1954,3,16,15,19797.625,48.33731471699617,166.15486916391035,403,536,989.311871752874,1005.311871752874,16.0,24.98956348503638,10.635738629343832,636.5911355397109,1273125,-2.106936414499505,-19.539345652746917,18.325908735343443,60.789444051450005,63.491695827568726,0,0,0,0,0,12,12,1,2
363,1954,3,16,18,19797.75,50.08195870711038,166.24246903595974,401,529,987.6556971963417,1013.6556971963417,26.0,25.885771410704706,7.646242257501436,1324.644574060584,5512500,-1.6561745565322052,-14.960711149656241,2.083498655446049,64.66518683387353,64.69874307053435,0,0,0,0,0,12,12,1,2
363,1954,3,16,21,19797.875,51.35384092370431,166.49768024038357,399,524,986.585353402236,1014.585353402236,28.0,27.216687735154924,8.453282221758855,1377.145631594131,5958125,-1.0703437941057201,-9.494740314660389,5.907475698010031,47.14228325822677,47.51097915136529,0,0,0,0,0,14,14,1,2
363,1954,3,17,0,19798.0,51.06760057144104,158.47960298277948,422,518,989.3610213576633,999.3610213576633,10.0,21.70265496397978,6.299511387098537,483.6918092598697,735000,0.5382006608592929,4.793445731973099,0.0,0.0,0.0,0,0,0,0,2,10,10,1,1
363,1954,3,17,3,19798.125,51.154409246449354,158.7931184980758,421,518,987.9328552743738,1005.9328552743738,18.0,21.37145247523688,6.135767024827728,882.6457083308272,2447500,-1.428166083289543,-12.70432437860414,7.288613388298058,3.2175614165533024,7.96721950202015,0,0,2,0,0,15,15,1,2
363,1954,3,17,6,19798.25,51.32429347544236,159.4241498107549,419,518,987.854399939748,1005.854399939748,18.0,20.974601968883878,4.261897394064071,915.8310707189881,2635000,-0.07845533462575986,-0.6962439824779616,14.616114746699752,6.2967547936482005,15.914770850377506,0,0,0,0,0,15,15,1,2
363,1954,3,17,9,19798.375,52.70370672573879,162.00833656436316,410,515,987.8645014818123,1003.8645014818123,16.0,20.423386495560703,3.361894867431256,836.8283871884005,2200000,0.010101542064367095,0.08797538722643859,58.03523444762253,51.127918393081394,77.34437585629678,0,0,0,0,0,18,18,1,2
363,1954,3,17,12,19798.5,55.88276713571675,175.22050008119467,372,509,993.2689476354144,995.2689476354144,2.0,17.798584901936554,5.384993727183537,147.93175681757992,68750,0.4811068247554067,4.026137674096077,29.015003348903296,29.355494050467854,41.274876744624244,0,0,0,0,2,22,22,1,1
363,1954,3,17,15,19798.625,56.79678821248751,174.6990734834743,373,505,993.5758818694662,995.5758818694662,2.0,15.749007226489166,3.743237356997124,181.17866047827877,103125,0.30693423405187786,2.5414333864660774,-10.583451438513627,33.878168861035185,35.492812930622875,0,0,0,0,0,19,19,1,1
363,1954,3,17,18,19798.75,57.728534182859974,174.55011389546073,373,501,993.4086858381406,995.4086858381406,2.0,14.763654773243834,6.135826432905015,166.88952945311365,87500,-0.16719603132558405,-1.369994013074086,-2.9479322473857543,34.53514160897654,34.66073153421952,0,0,0,0,0,18,18,1,1
363,1954,3,17,21,19798.875,58.17013870792105,174.06583454045108,374,499,,,,13.522414249396155,,0.0,0,0.09361584599042544,,-9.466681583533036,16.36806092335706,18.908502812087793,0,2,2,0,0,18,21,0,0
367,1954,3,17,3,19798.125,34.248506638775545,35.45399365550252,498,165,1001.4506785361533,1009.4506785361533,8.0,9.379326130479496,13.316314571941621,1626.5767689303495,8311875,,,,,,3,0,0,0,0,0,0,1,1
367,1954,3,17,6,19798.25,34.896843677114774,35.00195530848389,495,166,1002.0282170684757,1010.0282170684757,8.0,10.013500169211687,7.3812012257938475,729.6391468680871,1672500,0.57753853232236,6.994056085127982,-13.741989077138356,24.030596473026915,27.682337882585774,0,0,0,0,0,0,0,1,1
367,1954,3,17,9,19798.375,34.67445615492338,36.94239332142872,502,170,1001.8471389023737,1009.8471389023737,8.0,9.685953350514943,10.830670439906099,866.6097089895087,2359375,-0.18107816610194277,-2.2051640203434033,59.14781300530204,-8.242788072245629,59.71940504152844,0,0,0,0,0,1,1,1,1
367,1954,3,17,12,19798.5,35.41481983110632,38.411445310297424,505,176,998.8399550582387,1002.8399550582387,4.0,11.845093599519213,12.004838521935453,235.59559928678317,174375,-3.0071838441349974,-35.95283660969324,44.375446803482745,27.44156155448588,52.17489414993924,0,0,0,0,0,0,0,1,1
367,1954,3,17,15,19798.625,36.00802486025351,38.87208534769338,505,179,1000.4691392904117,1008.4691392904117,8.0,10.276703797901488,11.27531879804097,842.9868450369273,2232500,1.6291842321729928,19.199433836755027,13.811423456390301,21.987129900401506,25.965155480929788,0,0,0,0,0,0,0,1,1
367,1954,3,17,18,19798.75,35.10041066700264,40.69368582421736,513,181,1002.9038326851194,1008.9038326851194,6.0,8.455795609848586,10.577375743288867,647.2830815720542,1316250,2.4346933947077196,29.335173128604247,55.238439110782636,-33.640697880029855,64.67597474527219,0,0,0,0,0,0,0,1,1
367,1954,3,17,21,19798.875,33.80766747350986,43.48370109959675,525,185,1003.1380873639288,1009.0956825877275,5.957595223798708,7.690954276545629,10.209858884009154,640.4856484101422,1288750,0.23425467880937503,2.9168658227744557,85.92331168332659,-47.91549485689435,98.38043574822768,0,0,0,0,0,2,0,2,0
367,1954,3,18,0,19799.0,34.18981113191314,45.16951364597708,529,191,1003.0485958798329,1005.0485958798329,2.0,7.730736996729692,17.727451403351516,135.28790949515025,57500,-0.08949148409592453,-1.1033549540025278,51.68545559203413,14.164145354612042,53.59113110751358,0,0,0,2,0,3,3,1,1
367,1954,3,18,3,19799.125,34.18981113191314,45.16951364597708,529,191,,,,7.730736996729692,,0.0,0,0.0,,0.0,0.0,0.0,0,3,0,0,0,3,3,0,0
368,1954,3,17,3,19798.125,44.57854014524198,-36.55046173880701,242,201,990.3127877829274,990.3127877829274,0.0,8.179573699255654,13.057358010670214,14.104739588693906,625,,,,,,3,0,0,0,0,2,2,1,1
368,1954,3,17,6,19798.25,45.849321421755775,-34.393301706779376,251,201,988.8320766195,988.8320766195,0.0,8.851528403245988,6.917403754958286,14.104739588693906,625,-1.480711163427477,-14.297586170740674,55.69083726473721,47.10147694107685,72.9384568336775,0,0,0,0,0,2,2,1,1
368,1954,3,17,9,19798.375,46.989251529052865,-32.79953127261922,258,202,986.766527762361,990.766527762361,4.0,10.932550453513409,16.29243705678622,200.96160531198103,126875,-2.065548857139074,-19.570621377537197,40.29514093287527,42.25148155360771,58.38566670232629,0,0,0,0,0,3,3,1,1
368,1954,3,17,12,19798.5,47.29971286233572,-31.5974167368454,262,201,988.0365666824175,988.0365666824175,0.0,10.835436759660025,8.197988851362679,14.104739588693906,625,1.2700389200565405,11.972994546655919,30.216181576311,11.507241726786287,32.33317555099232,0,0,0,0,0,2,2,1,1
368,1954,3,17,15,19798.625,47.505085933183395,-31.7594800848128,262,202,987.7594297694543,987.7594297694543,0.0,10.77027088464725,5.132586229630033,14.104739588693906,625,-0.2771369129631785,-2.604046813331883,-4.057791399346818,7.612147849225,8.626150121524306,0,0,0,0,0,1,1,1,1
368,1954,3,17,18,19798.75,48.57737358244138,-30.039711179300816,269,203,986.4923860580268,988.4923860580268,2.0,12.456958377482353,4.81580209251435,188.18069730433754,111250,-1.267043711427541,-11.706792060354442,42.172118212068504,39.74431550036971,57.94909981255626,0,0,0,0,0,1,1,1,1
368,1954,3,17,21,19798.875,50.13954064474003,-28.25621960745704,277,206,985.8466452985168,987.8466452985168,2.0,14.271040121509605,4.265452634184694,182.27340554900803,104375,-0.6457407595099357,-5.828268202147751,42.36705764181716,57.90168396628136,71.74658583762842,0,0,0,0,0,3,3,1,1
368,1954,3,18,0,19799.0,50.90422131299916,-26.19057429035517,284,206,990.2615770521952,990.2615770521952,0.0,11.09257576102645,3.0259361864074164,14.104739588693906,625,4.414931753678393,39.412221912459145,48.28053789051882,28.342870271195064,55.98507510227718,0,0,0,0,0,4,4,1,1
368,1954,3,18,3,19799.125,51.02006414649672,-22.58110794413455,294,202,989.5383143198306,989.5383143198306,0.0,13.504609484643067,6.343920310319881,14.104739588693906,625,-0.7232627323645283,-6.4460103894890395,84.14866659903132,4.29371179101994,84.25813937738758,0,0,0,0,0,2,2,1,1
368,1954,3,18,6,19799.25,51.9060562984702,-21.259395465093412,299,204,990.1827801314965,992.1827801314965,2.0,13.29621809670789,9.5242489009173,121.33355774887802,46250,0.6444658116658684,5.673429171828328,30.223628806317517,32.83927744878194,44.630548748364546,0,0,0,0,0,2,2,1,1
368,1954,3,18,9,19799.375,52.908656771800814,-20.329254905401896,303,207,989.5513068431377,991.5513068431377,2.0,14.240817940663629,10.628689762608264,108.34056051649024,36875,-0.6314732883588294,-5.484658486967682,20.791679639302615,37.161362028598944,42.58239976849574,0,0,0,0,0,2,2,1,1
368,1954,3,18,12,19799.5,52.908656771800814,-20.329254905401896,303,207,,,,14.240817940663629,,0.0,0,0.0,,0.0,0.0,0.0,0,3,0,0,0,2,2,0,0
374,1954,3,17,6,19798.25,70.6566174095926,76.20619138782347,443,339,985.1197651952252,985.1197651952252,0.0,20.16015238914596,4.49683030330285,14.104739588693906,625,,,,,,3,0,0,0,0,6,6,1,1
374,1954,3,17,9,19798.375,71.29869328979831,78.55493622107899,441,343,985.1316980678006,987.1316980678006,2.0,19.986949759576706,5.953576442677732,154.50968080927584,75000,0.011932872575416696,0.08728157463292817,27.911466053171488,23.798526799905144,36.679964763930016,0,0,0,0,0,6,6,1,1
374,1954,3,17,12,19798.5,72.05340509709302,79.53466157139935,438,345,984.8141350197021,988.8141350197021,4.0,20.10099225279367,5.970796045926327,219.87113035631398,151875,-0.31756304809852737,-2.312666102450733,11.18916819108922,27.973374683305714,30.12817910164987,0,0,0,0,0,9,9,1,1
374,1954,3,17,15,19798.625,72.53995505292261,79.99202019855866,436,346,984.2096261619014,992.2096261619014,8.0,20.275707384587633,8.15447643564985,320.08747962925327,321875,-0.6045088578006834,-4.390443701567413,5.086272787295891,18.033962215794507,18.737501542828237,0,0,0,0,0,7,7,1,1
374,1954,3,17,18,19798.75,73.50838713003844,80.98679564435727,432,348,983.5721353064431,993.5721353064431,10.0,20.83596041943534,7.825317184337473,337.92554160411566,358750,-0.637490855458309,-4.606157538940614,10.466726754947224,35.89491125837792,37.38979838417899,0,0,0,0,0,7,7,1,1
374,1954,3,17,21,19798.875,73.99007477793845,81.52885536698517,430,349,983.0208840264978,995.0208840264978,12.0,21.110685015387727,10.345437620828307,352.900471761385,391250,-0.5512512799452816,-3.973289155989284,5.541275133379731,17.85374089127704,18.693897237244844,0,0,0,0,0,9,9,1,1
374,1954,3,18,0,19799.0,74.46992536240957,82.10423490570622,428,350,979.074883113465,997.074883113465,18.0,24.940096972984275,12.891040553143975,439.289618018595,606250,-3.9460009130327673,-28.37465354964382,5.7100042124997525,17.785650180204946,18.679761787544003,0,0,0,0,0,12,12,1,1
374,1954,3,18,3,19799.125,74.69377960772015,81.98876838714398,427,350,981.2933449912787,997.2933449912787,16.0,22.547182040231675,14.91532924392639,399.93839251484076,502500,2.218461877813679,15.935195823197182,-1.1297622829854919,8.297152128794384,8.373714603711651,0,0,0,0,0,11,11,1,1
374,1954,3,18,6,19799.25,74.94780598642146,82.71597634558314,426,351,983.3434359477423,999.3434359477423,16.0,20.81542584831928,12.17133078827712,441.548191353528,612500,2.050090956463537,14.708086341587515,6.999864886301476,9.415481515158197,11.732408132551564,0,0,0,0,0,11,11,1,1
374,1954,3,18,9,19799.375,74.99843817447196,84.41739424346893,426,353,986.1007819011888,998.1007819011888,12.0,18.57022664573883,14.227540092521668,362.90593190046286,413750,2.7573459534466385,19.777494463827228,16.323009626318832,1.8766808120430007,16.430537852766342,0,0,0,0,0,12,12,1,1
374,1954,3,18,12,19799.5,75.48628763765956,86.00908690157023,424,355,985.0786589737277,997.0786589737277,12.0,19.750850032571293,15.210198271420374,354.58765494951643,395000,-1.0221229274611687,-7.3149110758969025,14.784654658758258,18.08212842424424,23.356998559952086,0,0,0,0,0,12,12,1,1
374,1954,3,18,15,19799.625,75.72566724820402,86.84515713520803,423,356,986.8254542619409,998.8254542619409,12.0,18.18367472551606,14.267889244083342,409.52352958418,526875,1.7467952882131794,12.487694281530244,7.640716671456138,8.872599411564943,11.709123433099949,0,0,0,0,0,14,14,1,1
374,1954,3,18,18,19799.75,76.17626688422071,86.74277805933305,421,356,987.5053976315525,997.5053976315525,10.0,17.385350839578244,11.976111241104082,355.707997883175,397500,0.6799433696115739,4.851301912646935,-0.906683922116467,16.701464490980225,16.72605727235495,0,0,0,0,0,16,16,1,1
374,1954,3,18,21,19799.875,76.41263152218971,87.6337520085442,420,357,987.7357001542831,995.7357001542831,8.0,16.72951800178756,11.912131695958742,299.5389777108415,281875,0.23030252273063526,1.6415243239430086,7.7581657134872195,8.760849526776907,11.70220576082799,0,0,0,0,0,16,16,1,1
374,1954,3,19,0,19800.0,76.63794183886837,87.5940294833547,419,357,987.2177595252414,995.2177595252414,8.0,15.952080442069805,10.65646940352468,319.4653459417435,320625,-0.5179406290416955,-3.6882418523933165,-0.3402572617088581,8.35112137844816,8.358050208135838,0,0,0,0,0,14,14,1,1
374,1954,3,19,3,19800.125,76.86318959017058,87.55295135767639,418,357,987.6762523986469,993.6762523986469,6.0,15.15709921556228,9.843516965274029,254.27680907051368,203125,0.4584928734054847,3.2618951082545813,-0.3460428054059939,8.34880239430047,8.355970742065251,0,0,0,0,0,11,11,1,1
374,1954,3,19,6,19800.25,77.09620921823972,88.50566640873346,417,358,988.2165813107051,994.2165813107051,6.0,14.057614770322438,8.569837459599002,284.2026277484726,253750,0.5403289120581758,3.840494749696691,7.885679505534701,8.636866816629938,11.695272962706488,0,0,0,0,0,11,11,1,1
374,1954,3,19,9,19800.375,77.09620921823972,88.50566640873346,417,358,989.0810448255112,993.0810448255112,4.0,12.810745867593157,7.884499326568692,208.25398433773478,136250,0.8644635148061206,6.144345630647657,0.0,0.0,0.0,0,0,0,0,0,10,10,1,1
374,1954,3,19,12,19800.5,77.32545731694982,89.49297093908523,416,359,989.617333303543,993.617333303543,4.0,11.923969422677372,6.97273745307546,237.69729657196956,177500,0.5362884780317836,3.8083161241996306,8.029186989495646,8.497075173158295,11.690514540027278,0,0,0,0,0,11,11,1,1
374,1954,3,19,15,19800.625,77.55073342604337,89.48383577023516,415,359,989.972357200955,993.972357200955,4.0,10.89310267479542,6.761716637695499,288.3720821534486,261250,0.35502389741202933,2.518904012395721,-0.07299259402933554,8.349853475142712,8.350172511699142,0,0,0,0,0,13,13,1,1
374,1954,3,19,18,19800.75,77.7759571552396,90.52563460645761,414,360,989.9703192694444,993.9703192694444,4.0,10.287016645718237,6.515173827586696,323.7951802633666,329375,-0.0020379315105674323,-0.014446753017790491,8.175877513244727,8.347912015529689,11.68471686137947,0,0,0,0,0,15,15,1,1
374,1954,3,19,21,19800.875,78.00112945345917,89.46454101443547,413,359,989.6248042700555,995.6248042700555,6.0,9.640772766372121,5.859171648743286,623.6464480623772,1221875,-0.34551499938897906,-2.447266755476659,-8.176173583298057,8.346005727637428,11.683562216634863,0,0,2,0,0,16,16,1,2
374,1954,3,20,0,19801.0,78.22196447539545,88.36342295838328,412,358,988.7049459032123,994.7049459032123,6.0,10.029577577683717,5.077913827873781,565.070442138071,1003125,-0.9198583668431093,-6.510029757192767,-8.33064117375117,8.185244688251334,11.678947425703438,0,0,0,0,0,12,12,1,1
374,1954,3,20,3,19801.125,78.43822127948934,87.22083313592792,411,357,988.4232516311473,992.4232516311473,4.0,9.6116028439961,4.221349836923837,368.6170542239,426875,-0.28169427206506953,-1.9920556315611022,-8.487851745615217,8.015553155869119,11.674447295272984,0,0,0,0,0,14,14,1,1
374,1954,3,20,6,19801.25,78.1834522708163,85.10090754621224,412,355,988.0693161307668,992.0693161307668,4.0,9.210005411376441,2.510353375894265,372.37581039698836,435625,-0.35393550038046667,-2.5052271315401753,-16.089609129608323,-9.443007076901926,18.655988437978714,0,0,0,0,0,12,12,1,1
374,1954,3,20,9,19801.375,77.3015535179376,86.45523354440512,416,356,988.4145942137536,992.4145942137536,4.0,8.884002884394443,2.1504318609007167,362.90593190046286,413750,0.3452780829867697,2.452134707746931,11.034280709395702,-32.687555711424906,34.4997340447901,0,0,0,0,0,11,11,1,1
374,1954,3,20,12,19801.5,77.07663342652386,86.51672853100233,417,356,989.1479326528439,991.1479326528439,2.0,7.744042433555504,1.9506154276962477,230.9045385777095,167500,0.7333384390902938,5.212756518786535,0.509762290989219,-8.336657688546364,8.35222838584493,0,0,0,0,0,11,11,1,1
374,1954,3,20,15,19801.625,77.31349988703131,87.46644111160542,416,357,988.8903587726196,990.8903587726196,2.0,8.060147302494807,2.217522771727017,230.9045385777095,167500,-0.2575738802242267,-1.8291812409304669,7.730646896179648,8.77944956689439,11.697932985406188,0,0,0,0,0,13,13,1,1
374,1954,3,20,18,19801.75,77.10012787609435,89.50178838738636,417,359,988.9166057476127,990.9166057476127,2.0,8.116651237276885,2.175691202623493,226.99430130732603,161875,0.026246974993118784,0.18655265008921643,16.84100488526344,-7.908628368046235,18.605532731134918,0,0,0,0,0,13,13,1,1
374,1954,3,20,21,19801.875,77.10012787609435,90.49821161261364,417,360,989.2554872211768,991.2554872211768,2.0,8.26536438988821,2.7544768717439,222.56903656473068,155625,0.33888147356410625,2.4086294506737276,8.244984066506454,0.0,8.244984066506454,0,0,0,0,0,13,13,1,1
374,1954,3,21,0,19802.0,77.32545731694982,90.50702906091477,416,360,990.2550736200669,992.2550736200669,2.0,7.912339456309423,2.931543661521937,248.33956681952523,193750,0.9995863988900965,7.098308385059483,0.07170814342327554,8.351830215594761,8.352138050101594,0,0,0,0,0,12,12,1,1
374,1954,3,21,3,19802.125,77.32147027606484,91.52076966114376,416,361,990.67368314003,992.67368314003,2.0,7.957211996223384,3.004252124395571,269.1012803886529,227500,0.4186095199630654,2.972695485280014,8.246722179901425,-0.14777957291126423,8.248046163464894,0,0,0,1,0,16,16,1,2
374,1954,3,21,6,19802.25,77.52640546567544,93.60846885256635,415,363,991.0875981934805,993.0875981934805,2.0,7.901613497962138,2.9481303927164846,306.7578199542485,295625,0.41391505345047336,2.937013907860404,16.712510109126743,7.59591779187968,18.357722114920954,0,0,0,0,0,14,14,1,2
374,1954,3,21,9,19802.375,77.51021270240192,94.63546342690265,415,364,991.7341785529076,991.7341785529076,0.0,7.921338046255,2.857418569822912,14.104739588693906,625,0.6465803594270255,4.588222386156977,8.232159004764142,-0.6001843747907714,8.254008914670637,0,0,0,2,0,13,13,1,1
374,1954,3,21,12,19802.5,77.49000071855684,95.65948184016248,415,365,992.8621070969986,994.8621070969986,2.0,7.9499611996129635,2.546753762048029,325.0216815494707,331875,1.1279285440909734,8.0045607090222,8.221375142433445,-0.7491566869978384,8.25543729758128,0,0,3,0,0,15,15,1,1
374,1954,3,21,15,19802.625,78.60528002749435,103.07912378006682,409,371,992.4552985167386,994.4552985167386,2.0,8.031942736265579,6.735936436443227,308.3748992661489,298750,-0.40680858025996713,-2.875122960617513,54.29619685224449,41.337800315166795,68.24141504624804,0,0,0,0,0,12,12,1,1
374,1954,3,21,18,19802.75,78.60528002749435,103.07912378006682,409,371,992.2637709145581,994.2637709145581,2.0,8.205406629229577,6.263192903736635,300.2024092604617,283125,-0.19152760218043113,-1.3536228913094137,0.0,0.0,0.0,0,0,0,0,0,14,14,1,1
374,1954,3,21,21,19802.875,78.60528002749435,103.07912378006682,409,371,992.1803853323374,994.1803853323374,2.0,8.514382784138629,6.252901161960544,311.58388162107514,305000,-0.0833855822206533,-0.5893282827856133,0.0,0.0,0.0,0,0,0,1,0,12,12,1,2
374,1954,3,22,0,19803.0,78.60528002749435,103.07912378006682,409,371,992.7634071958656,994.7634071958656,2.0,7.780325060851493,7.893823261571596,352.3362819972964,390000,0.5830218635281199,4.12051177804684,0.0,0.0,0.0,0,0,0,0,0,15,15,1,2
374,1954,3,22,3,19803.125,78.60528002749435,103.07912378006682,409,371,992.5338264387724,992.5338264387724,0.0,7.877406346794516,7.600539421523498,14.104739588693906,625,-0.22958075709320838,-1.6225638741759627,0.0,0.0,0.0,0,0,0,2,0,15,15,1,1
374,1954,3,22,6,19803.25,78.72546205779275,109.15561244543967,407,376,,,,8.222297324436079,,0.0,0,-0.2398328533998574,,44.013952375558,4.454544014341432,44.23879480833076,0,2,2,0,0,14,13,0,0
384,1954,3,17,12,19798.5,71.16262935740168,4.451174002886572,366,276,1006.856115135086,1010.856115135086,4.0,8.359812430638137,2.5437323354041292,399.93839251484076,502500,,,,,,3,0,0,0,0,4,4,1,1
384,1954,3,17,15,19798.625,70.19398258090041,6.196413429104334,369,272,1005.4353350392428,1009.4353350392428,4.0,9.131736909740884,2.2743993713856616,373.70906138751593,438750,-1.42078009584322,-10.462351694704347,21.917668662036792,-35.90286908584916,42.064239065677306,0,0,0,0,0,3,3,1,1
384,1954,3,17,18,19798.75,69.2464312842862,10.944219699067562,377,269,1003.8372470475464,1009.8372470475464,6.0,9.34490874141585,3.8190643297039784,457.04579946446574,656250,-1.598087991696375,-11.84014843352024,62.34183739081226,-35.12096563965774,71.554083857768,0,0,0,0,0,3,3,1,1
384,1954,3,17,21,19798.875,68.97865735824227,11.430301581627544,378,268,1003.5538483373399,1009.5538483373399,6.0,9.057391147378459,4.892892506592252,457.9155353594941,658750,-0.28339871020652935,-2.103433974479368,6.462824779278504,-9.925034021260249,11.84374959423027,0,0,0,0,0,5,5,1,1
384,1954,3,18,0,19799.0,66.28492996237298,10.134251287395676,378,256,1003.1871829987983,1007.1871829987983,4.0,10.016328899808524,4.794515399830561,354.3070156851716,394375,-0.36666533854149747,-2.7746305528222424,-19.32001992266904,-99.84294006137425,101.69501388913568,0,0,0,0,0,6,6,1,1
384,1954,3,18,3,19799.125,65.70546747449936,11.518659344879483,381,254,1002.4996751642954,1008.4996751642954,6.0,9.802531052490792,7.004911077701109,441.77341360298794,613125,-0.6875078345030488,-5.22599481961529,21.11116771007018,-21.477762944127182,30.11603730849782,0,0,0,0,0,4,4,1,1
384,1954,3,18,6,19799.25,64.5591323281516,13.60452886463207,386,250,1002.5133711191311,1008.5133711191311,6.0,9.932475842481244,4.613020075786117,458.7836224616476,661250,0.013695954835711746,0.1050778508043467,33.21044506142755,-42.48888416940612,53.928090445882724,0,0,0,0,0,5,5,1,1
384,1954,3,18,9,19799.375,63.15635638085615,15.382066308129582,391,245,1003.5737956342905,1009.5737956342905,6.0,9.320858845767866,3.8588233611840406,461.59363087490163,669375,1.0604245151593932,8.234128863277242,29.749624726063853,-51.99385618608955,59.90326579111854,0,0,0,0,0,5,5,1,1
384,1954,3,18,12,19799.5,61.570212308726354,16.415279676199535,395,239,1002.704041312217,1010.704041312217,8.0,10.33589275184155,5.938568294788274,542.0699343105202,923125,-0.8697543220734224,-6.852202202656182,18.23183829697188,-58.79039124939158,61.55249816980192,0,0,0,0,0,3,3,1,1
384,1954,3,18,15,19799.625,59.97487303095363,18.708434953588867,402,234,1003.3617427868522,1011.3617427868522,8.0,9.663241039170824,3.3873482305059586,640.9513997612884,1290625,0.6577014746352506,5.262944859737072,42.52802098827487,-59.131211321706964,72.83634203851477,0,0,0,0,0,5,5,1,1
384,1954,3,18,18,19799.75,59.847124907585076,21.841392577916732,409,236,1004.2675924403555,1012.2675924403555,8.0,8.323354739362106,5.729713661157294,644.3566231451198,1304375,0.9058496535032464,7.258003793123878,58.324184487752206,-4.734981068982233,58.516070800122726,0,0,0,0,0,5,5,1,1
384,1954,3,18,21,19799.875,59.11282769428189,21.762353064648583,410,233,1004.564119813307,1012.564119813307,8.0,8.67580190401858,4.280785733693628,622.0493994789887,1215625,0.29652737295153203,2.3939059888457717,-1.5039063076858883,-27.216708256183896,27.25822706055047,0,0,0,0,0,5,5,1,1
384,1954,3,19,0,19800.0,59.11282769428189,21.762353064648583,410,233,,,,8.67580190401858,,0.0,0,0.0,,0.0,0.0,0.0,0,3,0,0,0,5,5,0,0
394,1954,3,18,12,19799.5,48.89475704531109,167.93869054295553,397,535,983.7141694590339,991.7141694590339,8.0,22.175864390835066,18.276736016334617,237.27844638474429,176875,0.8321072240680223,7.6509398915128655,-6.02226270917082,-10.541189774735681,12.14019480919732,2,0,0,2,0,20,20,1,1
394,1954,3,18,15,19799.625,48.65986292326334,168.0050419348171,397,536,984.6079320967104,992.6079320967104,8.0,21.93664862446677,16.163901938192502,262.363322298001,216250,0.8937626376765547,8.247410735533355,1.6244443294795732,-8.70634489011269,8.85659419445024,0,0,0,0,0,23,23,1,1
394,1954,3,18,18,19799.75,47.9536860235585,168.19984821979415,397,539,985.5395678196479,993.5395678196479,8.0,22.18737075441936,13.953106476976828,273.864504695398,235625,0.931635722937499,8.691798323655057,4.835785516213962,-26.174429520254048,26.61739247690448,0,0,0,0,0,26,26,1,1
394,1954,3,18,21,19799.875,47.29322658835315,168.6900675259798,396,542,987.3503135150028,995.3503135150028,8.0,21.57935959526136,12.880562481283341,313.17604263477836,308125,1.8107456953548535,17.07216462587147,12.323696778763567,-24.479912816455073,27.40692674847271,0,0,0,0,0,29,29,1,1
394,1954,3,19,0,19800.0,46.67286594258415,169.46428769090784,394,545,987.4746763858202,995.4746763858202,8.0,22.213902396055552,11.891655629606904,329.5804130409127,341250,0.12436287081742194,1.1844301957048629,19.69036205922631,-22.993652166484793,30.27240324085139,0,0,0,0,0,28,28,1,1
394,1954,3,19,3,19800.125,46.362124053310026,170.76081037904217,390,547,987.5739194521364,995.5739194521364,8.0,20.946569084761872,8.952181876730974,363.1799266030658,414375,0.09924306631612126,0.9500636996470293,33.16269572538954,-11.51764052774258,35.105846110029425,0,0,0,0,0,25,25,1,1
394,1954,3,19,6,19800.25,45.99354753930261,171.74295004077223,387,549,989.4459816263618,995.4459816263618,6.0,20.05684270507415,10.095860620792156,265.0039974024898,220625,1.8720621742254298,18.03242077995985,25.290425181644085,-13.661279479320772,28.744324011540925,0,0,0,0,0,23,23,1,1
394,1954,3,19,9,19800.375,45.882182554099444,172.96754541146709,383,550,991.1190123312673,997.1190123312673,6.0,19.480014551911836,8.590602952798871,263.12050517771223,217500,1.6730307049055408,16.14561589795518,31.59702652163971,-4.1277404534792055,31.865503703228853,0,0,0,0,0,19,19,1,1
394,1954,3,19,12,19800.5,45.96568558340752,173.85794848847652,380,550,991.054703453614,997.054703453614,6.0,19.831978339761392,7.726260214037247,262.74218649868465,216875,-0.0643088776532386,-0.6197389383588432,22.939743807618388,3.095037739503141,23.147593926110655,0,0,0,0,0,20,20,1,1
394,1954,3,19,15,19800.625,45.79627848768812,174.77859568017496,377,551,992.0441399039287,998.0441399039287,6.0,18.42971497458526,6.762467091844374,286.2949452790358,257500,0.989436450314679,9.562489057913453,23.79135598744425,-6.279069860528885,24.60600207337026,0,0,0,0,0,22,22,1,1
394,1954,3,19,18,19800.75,45.614793806693946,175.6923486478316,374,552,993.8794598514042,999.8794598514042,6.0,17.5244948009083,6.166293946476653,305.45799283636967,293125,1.8353199474755093,17.792500814889227,23.689982988844683,-6.726725263419341,24.626492376732713,0,0,0,0,0,24,24,1,1
394,1954,3,19,21,19800.875,45.67774346659101,176.8778695378843,370,552,995.7844425877838,1001.7844425877838,6.0,16.890063662044373,5.293120250301727,316.0217188583157,313750,1.9049827363796066,18.448019458975104,30.70121105530224,2.3332276048512077,30.789743605919366,0,0,0,0,0,25,25,1,1
394,1954,3,20,0,19801.0,45.47780456890646,178.07605901544878,366,553,996.0885147518325,1002.0885147518325,6.0,17.327178700022294,6.571983448065365,295.19033070683855,273750,0.3040721640485572,2.9547491838513844,31.139965785106256,-7.410730353809025,32.00962969911484,0,0,0,0,0,23,23,1,1
394,1954,3,20,3,19801.125,45.50040396011951,179.2597856353496,362,553,997.3889038521074,1003.3889038521074,6.0,16.003857313505957,5.363548435589255,321.9466674599954,325625,1.3003891002750607,12.631324040033949,30.751753669145664,0.8376458827158128,30.76315985643615,0,0,0,0,0,24,24,1,1
394,1954,3,20,6,19801.25,45.50417139554748,-179.85194921965567,359,553,999.0050287502465,1005.0050287502465,6.0,15.269406201184253,5.634031330456273,333.18249174678584,348750,1.6161248981390963,15.697208131459726,-23.074577016416356,0.13963990201663434,23.07499954038494,0,0,0,0,0,21,21,1,1
394,1954,3,20,9,19801.375,45.734457972688055,-178.66086203707042,355,552,1000.2463528073978,1008.2463528073978,8.0,14.75967046817611,5.588652829359998,468.2263705827405,688750,1.2413240571512143,12.009486951167023,30.814078541994295,8.535566350791125,31.97441679407071,0,0,0,0,0,21,21,1,1
394,1954,3,20,12,19801.5,46.19659838538609,-177.74542503406497,352,550,999.649935964417,1009.649935964417,10.0,15.89728700108276,5.358830710510738,499.4750977741993,783750,-0.5964168429808342,-5.725353394905395,23.486191652700168,17.129223096481404,29.069081207296442,0,0,0,0,0,22,22,1,1
394,1954,3,20,15,19801.625,46.65876139743618,-177.1148553467796,350,548,1000.6094099496609,1010.6094099496609,10.0,14.495039657998458,4.706243511871653,529.4446557673433,880625,0.959473985243967,9.140139071857803,16.04117649714058,17.130060740912736,23.468240760648744,0,0,0,0,0,23,23,1,1
394,1954,3,20,18,19801.75,46.87328715440214,-176.4902554101615,348,547,1002.403114181084,1012.403114181084,10.0,13.63039121231928,4.492902291136561,549.179949706052,947500,1.7937042314230347,17.027136811882002,15.826159315712815,7.951391936399546,17.71135094826375,0,0,0,0,0,22,22,1,1
394,1954,3,20,21,19801.875,47.33994531882568,-176.14492640382485,347,545,1004.3938377237969,1014.3938377237969,10.0,12.415744970418524,4.171272640522729,590.0435899266436,1093750,1.990723542712949,18.754932116795068,8.673612797779292,17.29667345371995,19.349585823226843,0,0,0,0,0,23,23,1,1
394,1954,3,21,0,19802.0,47.545473768943104,-175.50631623301675,345,544,1005.5398406324144,1013.5398406324144,8.0,11.61823164121503,5.050355631590646,459.2170506381065,662500,1.14600290861752,10.761179112430172,15.977367091270704,7.617906978058938,17.700530102106523,0,0,0,0,0,29,29,1,1
394,1954,3,21,3,19802.125,47.745259600257754,-174.86188142255102,343,543,1007.4048734972098,1013.4048734972098,6.0,9.604094751948413,4.382242806381765,421.021160832325,556875,1.8650328647953573,17.457418854850232,16.06154339513616,7.4050569525513925,17.686380203545657,0,0,0,0,0,27,27,1,1
394,1954,3,21,6,19802.25,47.69949028624868,-174.24303855901658,341,543,1009.9495973765286,1013.9495973765286,4.0,7.8156802170478885,4.09981345396991,321.32813342573525,324375,2.544723879318772,23.83689252453871,15.437264145703155,-1.69643850460361,15.53019729121668,0,0,0,0,0,23,23,1,1
394,1954,3,21,9,19802.375,47.69949028624868,-174.24303855901658,341,543,,,,7.8156802170478885,,0.0,0,0.0,,0.0,0.0,0.0,0,3,0,0,0,23,23,0,0
398,1954,3,18,0,19799.0,45.24104804829995,-137.0825652797309,227,502,1002.5285976896531,1008.5285976896531,6.0,17.004369800548545,5.676602111719985,339.1009383412178,361250,-1.811189726240409,-17.671772638534417,28.02767994676619,-17.63400773349269,33.11357836210457,2,0,0,2,0,21,21,1,1
398,1954,3,18,3,19799.125,44.4032931780946,-136.02303018866783,222,502,1001.5994112035032,1009.5994112035032,8.0,17.98245687615394,6.407370198464631,424.315954652552,565625,-0.929186486149847,-9.200446315936725,28.056740407632272,-31.051363779535254,41.84934736492672,0,0,0,0,0,20,20,1,1
398,1954,3,18,6,19799.25,44.06536893035009,-135.2031756714664,219,501,1001.5126977009573,1011.5126977009573,10.0,18.529609862027588,6.475316315484743,553.5099506349444,962500,-0.08671350254589924,-0.8638206198624144,21.83502914577456,-12.525153979789343,25.172365403637723,0,0,0,0,0,19,19,1,1
398,1954,3,18,9,19799.375,43.71715211594211,-134.3947854027552,216,500,1001.6439723944733,1011.6439723944733,10.0,18.496458827598072,5.538879583701128,546.2742152960396,937500,0.13127469351587934,1.3160169643853639,21.655955882974002,-12.906647711499177,25.210354625710114,0,0,0,0,0,20,20,1,1
398,1954,3,18,12,19799.5,43.535894609894925,-133.79395122078006,214,499,1000.8923603478962,1010.8923603478962,10.0,19.293448009086177,5.093354199621026,505.02058998100495,801250,-0.7516120465770655,-7.559892470930895,16.14437586233888,-6.718305029564006,17.486466036759268,0,0,0,0,0,18,18,1,1
398,1954,3,18,15,19799.625,42.31745642131633,-133.6267340641911,210,502,1000.9058801806515,1012.9058801806515,12.0,19.35832362379341,5.572525658069862,617.7167441981957,1198750,0.01351983275526436,0.13913084676300652,4.58288761314903,-45.16138166664236,45.39331727154225,0,0,0,0,0,21,21,1,1
398,1954,3,18,18,19799.75,41.76708561818857,-132.6706084690962,206,501,1000.6557789908875,1012.6557789908875,12.0,19.70727571977276,7.115111890125117,597.4152323832858,1121250,-0.2501011897639546,-2.6013228899444694,26.432182871044994,-20.399480360365935,33.38860719319271,0,0,0,0,0,25,25,1,1
398,1954,3,18,21,19799.875,41.55012156118257,-131.71297490789533,203,499,1000.237542768139,1014.237542768139,14.0,19.251891937906333,7.100589173409171,703.1180853734313,1553125,-0.41823622274852823,-4.368664094272059,26.563211348369418,-8.041767467762279,27.75381453320789,0,0,0,1,0,28,28,1,2
398,1954,3,19,0,19800.0,41.66676816381411,-130.73498950622314,201,496,1001.5803107975065,1015.153119271175,13.57280847366841,16.44818619234826,5.695359882877528,836.7095110762604,2199375,1.3427680293675803,13.993696052541523,27.078727567212137,4.323503474317026,27.421709810872954,0,0,0,0,0,25,23,2,0
398,1954,3,19,3,19800.125,41.76826674255611,-129.75286109838356,199,493,1001.0640782454384,1014.35521511287,13.291136867431632,16.144618295217956,6.5774430010091605,782.2728144249535,1922500,-0.5162325520681043,-5.369252977021272,27.15052552369229,3.7620423392476625,27.409925187328742,0,0,0,0,0,21,20,2,0
398,1954,3,19,6,19800.25,41.73520335132993,-129.36659883939137,198,492,1000.944737110114,1014.8224549768837,13.877717866769672,16.166093840949344,4.40197762514923,828.4658665773737,2156250,-0.1193411353243573,-1.24205097451664,10.68360776535514,-1.2254937873385117,10.753664952320298,0,0,0,0,0,19,20,2,0
398,1954,3,19,9,19800.375,42.20082170143082,-128.72464690560452,198,489,1000.6964404671531,1014.6964404671531,14.0,16.174798413156573,4.185790922728557,842.9868450369273,2232500,-0.24829664296092233,-2.560919560453091,17.626383909523383,17.258132761276308,24.668452649725385,0,0,1,0,0,16,16,1,1
398,1954,3,19,12,19800.5,42.83897197536165,-130.03884419533654,203,491,995.3882671550027,1013.3882671550027,18.0,21.298610312051302,4.083833355823808,825.8201566617101,2142500,-5.3081733121504655,-54.087259857740804,-35.71760642980511,23.65302429931458,42.83938570496105,0,0,0,0,0,16,16,1,1
398,1954,3,19,15,19800.625,43.73299214997719,-128.32553095288245,202,484,995.6245164711348,1013.6245164711348,18.0,19.939336825680602,3.874713827824598,870.2750056381931,2379375,0.23624931613216177,2.367693617659867,45.885154949451795,33.13683591171034,56.599446454667884,0,0,0,0,0,18,18,1,1
398,1954,3,19,18,19800.75,43.96252761550925,-128.90609574640584,204,485,996.0514639795839,1014.0514639795839,18.0,19.596379183633054,3.6208934561466593,907.9772052293041,2590000,0.42694750844908413,4.261064901760382,-15.488940779148637,8.50772641738742,17.67169191823707,0,0,0,0,0,21,21,1,1
398,1954,3,19,21,19800.875,43.998012485120974,-129.30959564937203,205,486,996.9694728083607,1012.9694728083607,16.0,18.734682587194424,4.149304460249332,888.598594087716,2480625,0.9180088287768012,9.156126924559873,-10.758589999989239,1.3152458244888927,10.838686745482772,0,0,0,0,0,21,21,1,1
398,1954,3,20,0,19801.0,43.68670210906646,-129.7508124792657,205,488,996.0807537259946,1012.0807537259946,16.0,19.274323971235418,4.746397546909211,936.9837004082128,2758125,-0.8887190823661513,-8.914284479732688,-11.825789342743096,-11.53871147635718,16.522444011512132,0,0,0,0,0,17,17,1,1
398,1954,3,20,3,19801.125,43.529821467578074,-129.9693248590392,205,489,996.4564010278873,1012.4564010278873,16.0,18.87268431106251,4.921027686427624,933.7934163746935,2739375,0.37564730189275,3.7787713467392465,-5.872015976176198,-5.814777140750698,8.26390977812956,0,0,0,0,0,18,18,1,1
398,1954,3,20,6,19801.25,43.02662390385744,-130.21983703536233,204,491,998.0831905431646,1012.0831905431646,14.0,18.339616317105055,4.708396921983295,785.4453183767533,1938125,1.6267895152773417,16.517805339491662,-6.78783983336105,-18.651005395212028,19.8477901000487,0,0,0,0,0,16,16,1,1
398,1954,3,20,9,19801.375,42.20082170143082,-130.88649527892588,203,495,999.013696948252,1011.013696948252,12.0,17.430180865719304,5.8106234003919965,667.8560683373602,1401250,0.9305064050873625,9.597198034973637,-18.304753585440515,-30.608338440581317,35.66418912462283,0,0,0,0,0,17,17,1,1
398,1954,3,20,12,19801.5,42.68062724445488,-130.25276603491727,203,492,1002.9645418941114,1012.9645418941114,10.0,13.62854039938498,4.0704647937436675,873.0138794608674,2394375,3.950844945859426,40.37735181009964,17.267870311999886,17.78398072007121,24.788088174845424,0,0,0,0,0,17,17,1,1
398,1954,3,20,15,19801.625,41.95752369616728,-129.92901517845038,200,493,1003.9492954304322,1013.9492954304322,10.0,12.621598373895228,3.8859296764088502,802.9797402182952,2025625,0.9847535363207862,10.204579593161677,8.923547222710203,-26.801815336086893,28.248309690061838,0,0,0,0,0,20,20,1,1
398,1954,3,20,18,19801.75,41.76826674255611,-129.75286109838356,199,493,1004.7171642486168,1012.7171642486168,8.0,12.583833873108757,4.099730056441549,674.6726148605861,1430000,0.7678688181845064,7.986481909135891,4.869730836068751,-7.014804357922109,8.539423785928525,0,0,0,0,0,19,19,1,1
398,1954,3,20,21,19801.875,41.544235821684104,-129.19327309446842,197,492,1005.2699467695409,1011.2699467695409,6.0,12.038498950746943,3.9478237510237517,543.7189593836099,928750,0.5527825209240836,5.774729609431472,15.523534679507783,-8.303700604158596,17.604873548804168,0,0,0,0,0,20,20,1,1
398,1954,3,21,0,19802.0,42.02982374698623,-127.17333899497744,194,485,1008.7836302731396,1008.7836302731396,0.0,7.935580749986671,2.5224759394121063,14.104739588693906,625,3.5136835035987315,36.359795286630856,55.61099206009123,17.998304577817834,58.451017147552086,0,0,0,0,0,25,25,1,1
398,1954,3,21,3,19802.125,42.27458630568077,-126.34324590338538,193,482,1009.4235725666189,1009.4235725666189,0.0,7.93493328224565,1.3746175170090282,14.104739588693906,625,0.6399422934792528,6.590981422445687,22.765603299658604,9.072118253124671,24.506652631399998,0,0,3,0,0,23,23,1,1
398,1954,3,21,6,19802.25,40.992136855349735,-127.32955189568801,191,488,1010.4015878919231,1014.4015878919231,4.0,8.032564905983795,2.303074336652644,643.8933349199908,1302500,0.9780153253042954,10.329800529995746,-27.593370286314126,-47.53395751830464,54.96245264823645,0,0,0,0,0,20,20,1,1
398,1954,3,21,9,19802.375,41.24007136088649,-126.51672756511032,190,485,1011.0085548643027,1013.0085548643027,2.0,7.873906518384084,1.5019930798144197,471.19119857356634,697500,0.606966972379596,6.3790830252072785,22.654273251844867,9.18968638527136,24.44721727372863,0,0,0,0,0,19,19,1,1
398,1954,3,21,12,19802.5,41.24007136088649,-126.51672756511032,190,485,,,,7.873906518384084,,0.0,0,0.0,,0.0,0.0,0.0,0,3,0,0,0,19,19,0,0
399,1954,3,18,0,19799.0,50.08195870711039,-179.50749826623667,358,534,986.2834187499096,992.2834187499096,6.0,20.426317367192254,3.4494042995976635,335.26583267409023,353125,-1.474274432940001,-13.317553913351471,-15.447264047351155,71.07926619406733,72.73843584540205,2,0,0,2,0,23,23,1,1
399,1954,3,18,3,19799.125,52.219109555615134,-178.78848736820945,356,525,982.4667481892859,1012.4667481892859,30.0,22.79415279413829,5.352837004534595,1527.2248331570981,7327500,-3.816670560623752,-33.45651321037579,16.326956256474773,79.21344394261423,80.87854599243565,0,0,2,0,0,21,21,1,3
399,1954,3,18,6,19799.25,53.64035667945857,-178.7429275841855,356,519,980.4656666768715,1014.4656666768715,34.0,25.067092688919583,7.720404014695596,1626.3932962808535,8310000,-2.001081512414385,-17.21557196645937,1.0011323958819411,52.6784898931867,52.68800208302321,0,0,0,0,0,20,20,1,2
399,1954,3,18,9,19799.375,54.81394553404618,-178.3316625517067,355,514,978.3250865565913,1012.3250865565913,34.0,27.49781409311662,7.05122811432324,1486.294254216004,6940000,-2.1405801202802106,-18.145898830503967,8.783817734716145,43.49904219891353,44.3770450370411,0,0,0,0,0,21,21,1,2
399,1954,3,18,12,19799.5,55.98152011589208,-177.89307870931185,354,509,977.8605470104974,991.8605470104974,14.0,28.965628187443674,6.403954615231341,470.5574508777854,695625,-0.4645395460938744,-3.8829662085921086,9.094626467174216,43.2761233268023,44.22143236909031,0,0,0,2,0,19,19,1,1
399,1954,3,18,15,19799.625,57.36539065578063,-177.008169254031,352,503,976.9185501372456,992.9185501372456,16.0,30.670102590847527,7.84782570854797,499.674210836832,784375,-0.9419968732517736,-7.74983740770354,17.687785309830808,51.2931277228243,54.257190313880365,0,0,0,0,0,22,22,1,1
399,1954,3,18,18,19799.75,58.285147867351874,-176.51317022896288,351,499,976.0413655820967,994.0413655820967,18.0,31.849341874013504,10.590818299990788,514.0011726956917,830000,-0.8771845551489968,-7.1441076860016315,9.64491934819467,34.09077855715626,35.42888160620153,0,0,0,0,0,24,24,1,1
399,1954,3,18,21,19799.875,59.20011399899674,-175.98951532948325,350,495,975.3992349940398,995.3992349940398,20.0,32.48223650319539,14.812523376641765,531.5073132028516,887500,-0.6421305880567525,-5.179294113410578,9.938312378251084,33.913197296835385,35.33942562948331,0,0,0,0,0,27,27,1,1
399,1954,3,19,0,19800.0,62.32358668469822,-173.19441955813522,345,481,982.690363072649,996.690363072649,14.0,28.992605013839444,5.080280937696079,473.08734787878007,703125,7.291128078609181,57.04073831000417,48.11620151281182,115.77143872095301,125.37222527952869,0,0,0,0,0,22,22,1,1
399,1954,3,19,3,19800.125,63.21077422663123,-172.48522245578016,344,477,982.1931009140384,996.1931009140384,14.0,29.265743583668037,7.22870975343867,441.0974018624935,611250,-0.4972621586106834,-3.859355666990547,11.847462762736509,32.88358454840255,34.952718158483286,0,0,0,0,0,19,19,1,1
399,1954,3,19,6,19800.25,64.47559965482152,-170.57934744245537,341,471,984.0460902145946,998.0460902145946,14.0,28.3389879952783,9.14470784250283,436.3359951616183,598125,1.852989300556219,14.226351910298883,30.437832697531874,46.88072356859705,55.89511518583848,0,0,0,0,0,16,16,1,1
399,1954,3,19,9,19800.375,64.8896468292201,-169.90249561592472,340,469,986.130401516054,998.130401516054,12.0,26.085519227630833,9.757814933786285,402.6649950950149,509375,2.0843113014593837,15.94771701508351,10.64615571497041,15.346648394879297,18.677800953630715,0,0,0,0,0,14,14,1,1
399,1954,3,19,12,19800.5,65.97525877287052,-168.90110075035767,339,464,989.9941078735354,999.9941078735354,10.0,22.82966398290316,8.08838161729771,380.04356441846903,453750,3.8637063574814237,29.307455434917884,15.111192333701496,40.23818014622164,42.98208086198136,0,0,0,0,0,15,15,1,1
399,1954,3,19,15,19800.625,66.42475910653584,-168.6900675259798,339,462,991.0366443664878,999.0366443664878,8.0,20.557510095597728,11.833608918663158,314.44396702089864,310625,1.042536492952495,7.8806587934698245,3.1284074762862115,16.660718876207028,16.95188741142663,0,0,0,0,0,17,17,1,1
399,1954,3,19,18,19800.75,66.82672575129128,-167.92471141680647,338,460,991.981719789061,997.981719789061,6.0,19.442597648241936,11.555087143402561,244.30125595145995,187500,0.9450754225731361,7.122309704784829,11.16307324080323,14.898883859046492,18.616953145584624,0,0,0,0,0,18,18,1,1
399,1954,3,19,21,19800.875,67.4971715369633,-167.56455849747235,338,457,993.4384298315844,997.4384298315844,4.0,17.436703383831432,10.479146575022096,161.43612337794121,81875,1.4567100425233366,10.924140272882203,5.109065415478173,24.85005665231735,25.36982193557962,0,0,0,0,0,19,19,1,1
399,1954,3,20,0,19801.0,68.33604183897648,-166.46950689767712,337,453,994.8857354739171,998.8857354739171,4.0,15.449765762091552,9.24579903084159,218.50968611841583,150000,1.447305642332649,10.789332372897002,14.983381424387824,31.09270723221903,34.51460794992717,0,0,0,0,0,16,16,1,1
399,1954,3,20,3,19801.125,68.33604183897648,-166.46950689767712,337,453,995.2715933154441,997.2715933154441,2.0,13.768808896486254,8.651673378718042,168.66815371514653,89375,0.3858578415270313,2.8764819117363056,0.0,0.0,0.0,0,0,0,0,0,17,17,1,1
399,1954,3,20,6,19801.25,65.33533789695082,-164.88283234541285,331,465,,,,15.217904849361384,,0.0,0,-1.2564536460672389,,24.541179381431085,-111.22101823852783,113.89637563788638,0,2,2,0,0,15,17,0,0
405,1954,3,18,0,19799.0,54.94523801158139,-30.644741011846627,281,227,984.963310772911,984.963310772911,0.0,12.773858023488309,6.960436348378062,14.104739588693906,625,,,,,,3,0,0,0,0,5,5,1,1
405,1954,3,18,3,19799.125,55.95171117154801,-31.62003687293869,281,232,983.987619523329,983.987619523329,0.0,13.099773234246513,4.61116534802939,14.104739588693906,625,-0.9756912495818688,-8.158417484094288,-20.239524694556916,37.3049030640685,42.44165586403441,0,0,0,0,0,3,3,1,1
405,1954,3,18,6,19799.25,57.209456313564836,-33.414873775144954,280,239,983.1364769735704,985.1364769735704,2.0,14.012081877314845,6.082926256015489,147.93175681757992,68750,-0.8511425497586607,-7.014627361574972,-36.02718539187818,46.61829293470384,58.91708855168098,0,0,0,0,0,4,4,1,1
405,1954,3,18,9,19799.375,57.853686715663116,-34.64397375072999,279,243,981.709973599451,987.709973599451,6.0,14.456950718754817,10.554892870236726,337.04130404423773,356875,-1.4265033741193474,-11.672608291410011,-24.23954507555303,23.878384101170475,34.025472410428016,0,0,0,0,0,4,4,1,1
405,1954,3,18,12,19799.5,58.15516472502468,-36.012362701791524,277,246,983.3447783850139,985.3447783850139,2.0,12.149353530645586,10.515983414310831,105.5502061411188,35000,1.634804785562883,13.333167067216339,-26.760094941816885,11.174275045302814,28.99943282347313,0,0,0,0,0,4,4,1,1
405,1954,3,18,15,19799.625,58.43739609854171,-37.40535663140855,275,249,982.3970581045211,988.3970581045211,6.0,12.534934050935336,11.817810973750165,435.4231573518114,595625,-0.9477202804927947,-7.705949437888742,-27.024874815284964,10.460898958339614,28.97885894576276,0,0,2,0,0,6,6,1,2
405,1954,3,18,18,19799.75,58.69992589643801,-38.82193509787167,273,252,982.685215221504,984.685215221504,2.0,12.232558666067627,9.718053630748836,112.83791670955125,40000,0.28815711698291124,2.336464400886235,-27.277133569238853,9.73066053969652,28.960797128064417,0,0,0,2,0,8,8,1,1
405,1954,3,18,21,19799.875,58.94231542176145,-40.26092768148702,271,255,983.9502665721238,985.9502665721238,2.0,11.716618055721442,8.144145091033351,130.80197392386228,53750,1.2650513506197603,10.231191158282035,-27.515670269120825,8.984161829249864,28.945246140482723,0,0,0,0,0,10,10,1,1
405,1954,3,19,0,19800.0,58.53645670960113,-42.954591511112774,265,258,983.2433302782042,985.2433302782042,2.0,12.556513982571735,7.460324016813829,123.76858758422884,48125,-0.7069362939195707,-5.742035751373246,-52.108893277656705,-15.043143242240726,54.23682252150091,0,0,0,0,0,7,7,1,1
405,1954,3,19,3,19800.125,58.22676365461781,-44.7106298365594,261,260,982.5805979876939,984.5805979876939,2.0,14.28234214460942,10.318504778594143,105.5502061411188,35000,-0.662732290510321,-5.400934851308437,-34.27143185140946,-11.478765510399795,36.1426769731926,0,0,0,0,0,6,6,1,1
405,1954,3,19,6,19800.25,58.21676450408072,-46.44655568657391,258,263,982.4587775403412,984.4587775403412,2.0,15.746464853913785,11.666518038990034,96.69722284868811,29375,-0.12182044735265662,-0.9928827159933981,-33.88847738059545,-0.37061827016020155,33.89050393660894,0,0,0,0,0,5,5,1,1
405,1954,3,19,9,19800.375,58.02067910275884,-47.87676507030058,255,265,982.1119449205455,986.1119449205455,4.0,17.622912187549105,9.407837094749265,175.0352151573787,96250,-0.34683261979575036,-2.8328407808398457,-28.074626747797943,-7.267900605351451,29.000121486597944,0,0,0,0,0,5,5,1,1
405,1954,3,19,12,19800.5,57.98092780021479,-49.02422846827271,253,267,981.9599680358848,987.9599680358848,6.0,19.527591617480866,9.944184777379196,295.86351363515985,275000,-0.1519768846606894,-1.2418468512898708,-22.549572647027187,-1.4733810568037002,22.597656478097562,0,0,0,0,0,6,6,1,1
405,1954,3,19,15,19800.625,57.74826651747422,-50.42681249857282,250,269,982.38479279178,986.38479279178,4.0,20.910029052583358,8.773216837208093,173.8949084575512,95000,0.42482475589524255,3.4802312972143534,-27.741715342199715,-8.623584755788961,29.051144283279356,0,0,0,0,0,7,7,1,1
405,1954,3,19,18,19800.75,57.38655731538083,-50.935171230951816,248,269,982.7049630026695,988.7049630026695,6.0,21.449770187529843,9.414289854295784,241.84590462993484,183750,0.3201702108894824,2.633427406791211,-10.155383279469687,-13.406742731145489,16.81881566020791,0,0,0,0,0,9,9,1,1
405,1954,3,19,21,19800.875,57.02190313735268,-51.43265392413831,246,269,983.4465848261167,989.4465848261167,6.0,22.334441129040624,10.146020156847152,230.4733439183804,166875,0.7416218234472035,6.124969721617811,-10.03676462286464,-13.515898192157236,16.834968014093356,0,0,0,0,0,8,8,1,1
405,1954,3,20,0,19801.0,56.69272522109238,-51.370716931894016,245,268,985.0701776261284,993.0701776261284,8.0,21.954478480147554,10.593856815478649,357.38192711893817,401250,1.6235928000116837,13.459464148470294,1.2606314660539417,-12.200971417190944,12.265924148482075,0,0,0,0,0,7,7,1,1
405,1954,3,20,3,19801.125,56.32518547717949,-51.853635171650225,243,268,985.1648735797476,993.1648735797476,8.0,22.870815181406176,11.561092446989205,331.08604176942123,344375,0.09469595361908432,0.7883614998436008,-9.924788999673462,-13.62285162111813,16.854777452670216,0,0,0,0,0,7,7,1,1
405,1954,3,20,6,19801.25,55.995648096446004,-51.78897457443879,242,267,985.6841049037128,991.6841049037128,6.0,22.838794048445774,11.129886391637264,215.76102719068473,146250,0.519231323965214,4.339398568859667,1.3403368748477744,-12.214294959099862,12.287615891049368,0,0,0,0,0,6,6,1,1
405,1954,3,20,9,19801.375,55.33551686562304,-51.66322962212064,240,265,987.2143223141035,993.2143223141035,6.0,22.400890274100103,11.962963403292015,233.47498368984665,171250,1.53021741039076,12.889603426793103,2.6508840468312003,-24.467747929047132,24.610929989521615,0,0,0,0,0,6,6,1,1
405,1954,3,20,12,19801.5,54.71043154480093,-51.02268689790145,239,262,989.8535685001003,993.8535685001003,4.0,20.328121983837406,10.5409582951005,219.87113035631398,151875,2.63924618599689,22.401709770404523,13.715747004871723,-23.16877213180166,26.924221771427245,0,0,0,0,0,7,7,1,1
405,1954,3,20,15,19801.625,54.079776682705194,-50.40379136024971,238,259,992.3558668960098,994.3558668960098,2.0,17.768872883350163,8.986684533313746,111.06083058226194,38750,2.5022983959094565,21.407373010950263,13.4575144912844,-23.37520704292343,26.972300617164024,0,0,0,0,0,8,8,1,1
405,1954,3,20,18,19801.75,53.29059040527167,-49.53379114598456,237,255,994.6693967220064,994.6693967220064,0.0,15.707738573117265,10.16808127288612,14.104739588693906,625,2.31352982599652,19.993831791002616,19.27546798520952,-29.25117007603758,35.03105218040294,0,0,0,0,0,4,4,1,1
405,1954,3,20,21,19801.875,52.51125470619564,-48.207185467278684,237,250,998.3681002753715,998.3681002753715,0.0,12.812995879410567,9.611972472087581,14.104739588693906,625,3.698703553365194,32.295204718792945,29.92508483542033,-28.886058630081358,41.59224790255513,0,0,0,0,0,5,5,1,1
405,1954,3,21,0,19802.0,52.51125470619564,-48.207185467278684,237,250,,,,12.812995879410567,,0.0,0,0.0,,0.0,0.0,0.0,0,3,0,0,0,5,5,0,0
411,1954,3,18,3,19799.125,41.1230062004462,-103.54317664244475,154,409,988.5652276400436,1012.5652276400436,24.0,24.918262649088067,13.317413656469434,781.1275587754882,1916875,,,,,,3,0,0,0,0,13,13,1,1
411,1954,3,18,6,19799.25,42.12120360022412,-102.39392383183015,157,404,989.626166477376,1013.626166477376,24.0,25.0944810863067,10.851653799882115,865.4611204012763,2353125,1.0609388373325055,10.95927715683429,31.595156138779533,36.99816221503176,48.65303586338331,0,0,0,0,0,13,13,1,1
411,1954,3,18,9,19799.375,42.94596074521968,-102.02609241949062,160,402,990.5611606113818,1012.5611606113818,22.0,24.846093851734572,21.76820006229398,880.0498518952979,2433125,0.934994134005683,9.507927107259391,9.979786657906912,30.56960341245228,32.157375429782064,0,0,0,0,0,14,14,1,1
411,1954,3,18,12,19799.5,40.336951984490696,-101.15281464249661,149,401,989.5060818858318,1013.5060818858318,24.0,24.714719257416633,10.28269757093578,1000.5421490612086,3145000,-1.0550787255499745,-11.293076751022479,24.672456253573067,-96.70284592142332,99.8006538399775,0,0,0,0,0,13,13,1,1
411,1954,3,18,15,19799.625,41.16044464164874,-100.77795352260867,152,399,988.3333676770251,1014.3333676770251,26.0,27.18598686495711,8.692474248773433,1030.0323487086932,3333125,-1.1727142088067195,-12.344537319837157,10.460524639864705,30.52273520167359,32.2654604791672,0,0,0,0,0,15,15,1,1
411,1954,3,18,18,19799.75,40.9174691378608,-100.72746309995703,151,399,987.291575884554,1011.291575884554,24.0,26.7387816223012,5.800463459602542,923.618154310838,2680000,-1.0417917924710491,-11.019942309174182,1.4141503750836109,-9.005881106707998,9.116233640682383,0,0,0,0,0,17,17,1,1
411,1954,3,18,21,19799.875,40.9174691378608,-100.72746309995703,151,399,987.4728048094356,1011.4728048094356,24.0,24.445828940022697,18.490819054525417,2006.7431194805881,12651250,0.1812289248815796,1.9170167315405953,0.0,0.0,0.0,0,0,0,0,0,17,17,1,1
411,1954,3,19,0,19800.0,39.458136175308596,-98.83604575438021,144,393,991.0558157150814,1007.0558157150814,16.0,20.409707070147814,10.474068009625334,824.132100845892,2133750,3.5830109056457875,39.06100857753527,54.126576848280855,-54.09014057365976,76.52077906419358,0,0,0,0,0,16,16,1,1
411,1954,3,19,3,19800.125,39.83587465733363,-95.6974307716588,144,381,992.528438113281,1010.528438113281,18.0,20.861068024171285,5.696870133731718,1055.125029050021,3497500,1.472622398199601,15.92690704055619,89.32526032039969,14.000867599866918,90.41585272979609,0,0,0,0,0,13,13,1,1
411,1954,3,19,6,19800.25,40.57668410662452,-95.7773247396496,147,381,993.0937471633035,1009.0937471633035,16.0,20.443852439232653,7.862712402008038,941.4319355869505,2784375,0.5653090500224789,6.021192324428848,-2.249189758892249,27.458084123831906,27.550049697286127,0,0,0,0,0,13,13,1,1
411,1954,3,19,9,19800.375,40.686989425797165,-94.43994016580596,147,376,993.9176863123787,1009.9176863123787,16.0,19.477194541846163,4.918482111435878,1074.4627347902,3626875,0.8239391490751586,8.756232829795035,37.58779151246819,4.0884639579692985,37.80949098203241,0,0,0,0,0,11,11,1,1
411,1954,3,19,12,19800.5,40.75442216088433,-93.3664606634298,147,372,995.1411596535524,1009.1411596535524,14.0,18.706166042780282,3.970303092119721,986.0211755396614,3054375,1.2234733411738126,12.984429187665762,30.140175404115368,2.4993926771528536,30.243629695283705,0,0,0,0,0,12,12,1,1
411,1954,3,19,15,19800.625,40.8277444472853,-91.48261857967036,147,365,996.2760727816491,1010.2760727816491,14.0,18.596972605781104,5.8953585904945065,998.0536058130344,3129375,1.1349131280966684,12.026711658431477,52.833730781150464,2.7176887525892006,52.903581546158435,0,0,0,0,0,14,14,1,1
411,1954,3,19,18,19800.75,40.8277444472853,-88.51738142032966,147,354,995.3447480985078,1009.3447480985078,14.0,18.14179015784473,5.987371294750992,875.289727638004,2406875,-0.9313246831412835,-9.86927822687608,83.15988123296337,0.0,83.15988123296337,0,0,0,0,0,14,14,1,1
411,1954,3,19,21,19800.875,41.001476173139864,-86.61765913201201,148,347,993.7016107620725,1007.7016107620725,14.0,19.08373404837923,8.119677549507252,895.1788304398697,2517500,-1.6431373364353203,-17.351566721947954,53.13924854260427,6.43936217074339,53.52798446456462,0,0,0,0,0,14,14,1,1
411,1954,3,20,0,19801.0,41.117158344156266,-84.70741995998803,149,340,995.2742991463892,1007.2742991463892,12.0,18.378715917510014,5.367427616869755,787.4690133724611,1948125,1.572688384316716,16.569175897356516,53.339515581275336,4.287756840084007,53.51157614166117,0,0,0,0,0,11,11,1,1
411,1954,3,20,3,19801.125,41.50775600588004,-83.56934130898652,151,336,994.9093344793285,1010.9093344793285,16.0,19.576249461095067,4.94509406562087,968.9247754925651,2949375,-0.3649646670607035,-3.815403099311065,31.589080277379704,14.477492780970847,34.74863723937678,0,0,0,0,0,12,12,1,1
411,1954,3,20,6,19801.25,41.98121971817699,-81.28526712513884,154,328,992.9362261202359,1010.9362261202359,18.0,21.45113221729935,6.36647207488917,995.1590995360082,3111250,-1.9731083590925846,-20.43707835935825,62.93071206895782,17.54892091923949,65.33176216003817,0,0,0,0,0,9,9,1,1
411,1954,3,20,9,19801.375,42.507145010125036,-79.7823237436099,157,323,990.4290310767979,1010.4290310767979,20.0,23.589477539637237,8.06029984226232,1021.2065239752654,3276250,-2.5071950434381143,-25.707881966840656,41.06595289411698,19.493408086227397,45.45773252063977,0,0,0,0,0,9,9,1,1
411,1954,3,20,12,19801.5,43.13393534312823,-77.63939398929976,161,316,989.6517407130779,1011.6517407130779,22.0,24.81721880918246,6.398311121728184,1048.8844283917683,3456250,-0.7772903637199488,-7.876521031501273,57.961332451062326,23.23196836660291,62.443898130156875,0,0,0,0,0,10,10,1,1
411,1954,3,20,15,19801.625,43.62949730880152,-76.34365064830578,164,312,988.8228246200011,1012.8228246200011,24.0,25.543631624943508,7.116753084121882,1085.0569992043256,3698750,-0.8289160930766957,-8.323135444015623,34.762172916042495,18.367992140291527,39.316558866597795,0,0,0,0,0,12,12,1,1
411,1954,3,20,18,19801.75,44.505663175553295,-74.59229635935799,169,307,987.5460160248325,1013.5460160248325,26.0,26.147085201478436,7.85554624840428,1215.7925538371987,4643750,-1.2768085951686954,-12.619464850523734,46.29448809673377,32.47506642730999,56.549178310536234,0,0,0,0,0,10,10,1,1
411,1954,3,20,21,19801.875,44.774147713307066,-73.59400481876882,171,304,987.7492536937,1011.7492536937,24.0,25.20259400242784,10.341602157366651,1166.8635473572583,4277500,0.20323766886751402,1.9992104725381068,26.266885811883864,9.951372826909626,28.088771980894805,0,0,0,0,0,10,10,1,1
411,1954,3,21,0,19802.0,45.72311052675315,-72.31766180645258,176,301,989.2991097726596,1011.2991097726596,22.0,23.47018503171642,11.847093109022245,1119.4401427364535,3936875,1.549856078959565,14.99734923948296,33.026357275575776,35.17328347651722,48.248317539717554,0,0,0,0,0,9,9,1,1
411,1954,3,21,3,19802.125,45.956823316091544,-71.28141102132018,178,298,991.233595114354,1013.233595114354,22.0,21.257524433919755,11.153698498444792,1238.48930719976,4818750,1.9344853416943806,18.6452518851014,26.701487236660004,8.662558822125783,28.071504163409312,0,0,0,0,0,12,12,1,1
411,1954,3,21,6,19802.25,46.256385340300255,-70.51823482267459,180,296,992.4567604281306,1012.4567604281306,20.0,19.053015179553466,9.493232757750375,1248.6479132501602,4898125,1.2231653137765535,11.73014488887794,19.558551088016376,11.103259102461175,22.49042648237097,0,0,0,0,0,9,9,1,1
411,1954,3,21,9,19802.375,46.02395819936191,-68.05959083604378,182,288,992.972996960562,1010.972996960562,18.0,18.148542644088042,2.1890250267728697,1188.1516507690048,4435000,0.5162365324315032,4.970040959234357,63.273994107318,-8.614906295614805,63.85777118546448,0,0,0,0,0,6,6,1,2
411,1954,3,21,12,19802.5,47.17919642207385,-66.80140948635182,188,286,994.3932062528364,1012.3932062528364,18.0,16.669084534751622,3.9203574106084123,1243.8589110233072,4860625,1.4202092922743759,13.414758126141589,31.697458160293007,42.818876477148194,53.27461906563763,0,0,0,0,0,8,8,1,2
411,1954,3,21,15,19802.625,48.723817367588985,-65.92450174492117,195,286,994.7695909011461,1012.7695909011461,18.0,15.412406153711034,6.865606934670724,1269.113085619237,5060000,0.37638464830975865,3.4697751268788837,21.44147603778589,57.251337576734784,61.13470821885217,0,0,1,0,0,6,6,1,1
411,1954,3,21,18,19802.75,47.52592743228228,-66.2731654938945,190,285,995.4316439684812,1013.4316439684812,18.0,14.119703865498956,5.793245190080488,1366.195299036782,5863750,0.6620530673350732,6.218741933889217,-8.726476559754719,-44.3997611615613,45.2492009250068,0,0,0,0,0,6,6,1,2
411,1954,3,21,21,19802.875,48.942937951170784,-65.79411495550364,196,286,995.9757799679995,1011.9757799679995,16.0,13.242310166491864,8.049428159306553,1307.9436893685483,5374375,0.5441359995183302,4.999477058527008,11.662302677263316,52.52146023412492,53.80067926021816,0,0,0,0,0,6,6,1,1
411,1954,3,22,0,19803.0,49.17915463680637,-64.94427509476301,198,284,995.2826616560975,1001.2826616560975,6.0,13.66803597489082,4.962281185250176,510.50584650224977,818750,-0.6931183119020716,-6.345580898315985,20.59085325261016,8.755365677156819,22.37497856560453,0,0,0,0,0,9,9,1,1
411,1954,3,22,3,19803.125,49.509847713281644,-64.37651403434134,200,283,994.4490258588045,998.4490258588045,4.0,13.678475488346416,3.415410719692882,370.2326224657882,430625,-0.8336357972929546,-7.594299446513576,13.664234200537676,12.257130793510612,18.35615841009141,0,0,0,0,0,8,8,1,1
411,1954,3,22,6,19803.25,50.0449778434949,-64.38856771467732,202,284,994.1792832524906,998.1792832524906,4.0,13.260920887763662,4.256365659541697,390.37271678549695,478750,-0.26974260631395736,-2.437981234714649,-0.2869090582770687,19.834585191452,19.8366601655795,0,0,0,0,0,8,8,1,1
411,1954,3,22,9,19803.375,50.231539725003586,-65.7196690856149,201,288,993.4105567699567,995.4105567699567,2.0,13.211449538381654,3.0566337990878676,246.32868702971868,190625,-0.7687264825339661,-6.929020883037837,-31.559955968662074,6.914911576342762,32.308618399005056,0,0,0,0,0,7,7,1,1
411,1954,3,22,12,19803.5,50.32922326235445,-66.0207431653465,201,289,,,,13.717402813315385,,0.0,0,-0.7007195102746482,,-7.123818894031196,3.6206379233703347,7.99110847173928,0,2,2,0,0,6,4,0,0
413,1954,3,18,6,19799.25,37.17796667465744,50.178284704298136,534,214,1004.7861938096773,1012.7861938096773,8.0,8.914160400433648,19.9211934298899,523.3979803141439,860625,,,,,,3,0,0,0,0,3,3,1,1
413,1954,3,18,9,19799.375,36.49804959717392,52.955648584177226,543,221,1002.3025561130039,1012.3025561130039,10.0,11.063356361894192,29.661309806107457,623.0081199032319,1219375,-2.4836376966733953,-28.929521086102817,82.75059355847944,-25.201109851721164,86.50292869053149,0,0,0,0,0,3,3,1,1
413,1954,3,18,12,19799.5,37.19124967254923,54.31571101441992,544,227,1002.4090757421042,1012.4090757421042,10.0,9.984184885030333,22.082503734445492,772.934581728106,1876875,0.10651962910022121,1.220872054082017,40.15792509729167,25.69344384378705,47.674018130146386,0,0,0,0,0,1,1,1,1
413,1954,3,18,15,19799.625,37.83268731019246,54.78853688944017,543,230,1002.5080695010325,1010.5080695010325,8.0,10.856677962470073,6.339789947147438,603.3795922325436,1143750,0.09899375892840907,1.1181873768024089,13.841542445030923,23.774870354932737,27.510593553237854,0,0,0,0,0,3,3,1,1
413,1954,3,18,18,19799.75,39.02678167685628,57.069011952025804,544,240,1002.9049154376362,1014.9049154376362,12.0,13.230337582391538,7.943242186181595,850.8560673752401,2274375,0.3968459366036404,4.366366500092019,65.6622569655167,44.259078502621286,79.18584481905046,0,0,0,0,0,6,6,1,1
413,1954,3,18,21,19799.875,39.22904539308156,59.39517865967304,548,248,1003.135375179747,1013.135375179747,10.0,13.414076980699784,1.3033858066204993,749.9425178978621,1766875,0.23045974211083375,2.524693563627477,66.78571281541439,7.496899696175425,67.20517049541293,0,0,0,0,0,7,7,1,1
413,1954,3,19,0,19800.0,42.18298817389338,60.64978240080766,540,258,1002.0342086492975,1012.0342086492975,10.0,15.70963650378026,2.017361453809717,742.611525505373,1732500,-1.1011665304495546,-11.361278677907205,34.45775188389122,109.48781694153116,114.7820487860103,0,0,0,0,0,8,8,1,1
413,1954,3,19,3,19800.125,42.99049317215454,61.73732716591488,539,263,1002.1044436132499,1014.1044436132499,12.0,17.3612076065071,1.8185294794951914,772.1620332274911,1873125,0.07023496395238908,0.7136215238045024,29.485091441660796,29.930153015588086,42.01410092885025,0,0,0,0,0,7,7,1,1
413,1954,3,19,6,19800.25,44.21136320829419,62.59716249151116,536,268,1001.1319326139378,1015.1319326139378,14.0,18.519183110274856,4.018585501836714,821.8356220961896,2121875,-0.9725109993120714,-9.662532042596064,22.843268819544324,45.25151803702937,50.690381878789985,0,0,0,0,0,6,6,1,1
413,1954,3,19,9,19800.375,44.96045778147168,65.07152586453873,537,277,999.6005703232735,1011.6005703232735,12.0,19.63937045680057,6.358009379161668,554.587168554311,966250,-1.5313622906644013,-15.014590666974176,64.89255350560587,27.765172038102857,70.58291775481777,0,0,0,0,0,6,6,1,1
413,1954,3,19,12,19800.5,45.48533670520671,65.75201120879333,536,280,998.2461003532771,1014.2461003532771,16.0,20.701465029116605,7.62869798371059,685.3510237826716,1475625,-1.3544699699962803,-13.160039604567952,17.683005029378144,19.45462447399717,26.290132755337364,0,0,0,0,0,7,7,1,1
413,1954,3,19,15,19800.625,46.51152154893168,67.15900679567031,534,286,998.457633175496,1016.457633175496,18.0,21.776896042313897,11.25998120648881,713.9283614283682,1601250,0.21153282221886913,2.0200090597458744,35.88978574857253,38.03551614058532,52.29509737211669,0,0,0,0,0,9,9,1,1
413,1954,3,19,18,19800.75,47.763578459589,69.49857419143376,532,295,998.1304468795133,1008.1304468795133,10.0,22.822270352799563,12.3453433798044,346.930721777772,378125,-0.32718629598268306,-3.061699343169352,58.2875320708515,46.40745877845111,74.50562814435014,0,0,0,0,0,10,10,1,1
413,1954,3,19,21,19800.875,48.78117821758608,71.36366086581025,530,302,998.8719294788217,1012.8719294788217,14.0,21.58065390549011,11.262388775286526,598.0808763027245,1123750,0.741482599308365,6.829503416247982,45.55074816045395,37.717310148002205,59.13937895157244,0,0,0,0,0,13,13,1,1
413,1954,3,20,0,19801.0,49.448943014141754,73.09939267677876,529,308,1000.6064353859841,1012.6064353859841,12.0,21.00708330326337,14.051979926644782,512.8387109602365,826250,1.7345059071623836,15.815456013966122,41.82480116355105,24.750685856275414,48.599490148834,0,0,0,0,0,10,10,1,1
413,1954,3,20,3,19801.125,50.01349783587517,77.27564431457763,530,321,1003.9980050936226,1007.9980050936226,4.0,17.6555390139254,11.616173409772381,234.74965185398838,173125,3.391569707638555,30.667725723499434,99.45794027856164,20.925210663159643,101.6353596232706,0,0,0,0,0,11,11,1,1
413,1954,3,20,6,19801.25,50.01349783587517,77.27564431457763,530,321,,,,17.6555390139254,,0.0,0,0.0,,0.0,0.0,0.0,0,3,0,0,0,11,11,0,0
418,1954,3,18,21,19799.875,68.75514666577145,82.38528805796898,453,347,992.4575287977272,994.4575287977272,2.0,13.004026283342814,8.871363995999491,166.88952945311365,87500,0.7829771787700883,5.820160683244498,44.9693706432719,24.893192542569572,51.399565474947416,2,0,0,2,0,15,15,1,1
418,1954,3,19,0,19800.0,70.76264396966474,91.00508600525419,445,361,994.4849235048466,994.4849235048466,0.0,11.873967213609374,7.206982767500813,14.104739588693906,625,2.027394707119529,14.876902725300567,105.1786603306594,74.40783848185454,128.8374053467935,0,0,0,0,0,15,15,1,1
418,1954,3,19,3,19800.125,72.80152738152279,99.40078004102384,435,372,994.1014256079038,994.1014256079038,0.0,13.03494403739526,4.003454421764763,14.104739588693906,625,-0.383497896942863,-2.781314378898892,91.93721992718595,75.57116380612123,119.01030714585761,0,0,0,0,0,12,12,1,1
418,1954,3,19,6,19800.25,73.56398083647844,102.23150092123018,431,375,993.2528373824177,993.2528373824177,0.0,12.711782569685742,4.933616947066912,14.104739588693906,625,-0.848588225486019,-6.129672857906136,29.683926796705336,28.260318664561158,40.985132927620285,0,0,0,0,0,12,12,1,1
418,1954,3,19,9,19800.375,75.87549984105416,109.01076641616699,419,380,993.1756454114925,993.1756454114925,0.0,11.922511477687431,8.425110559163805,14.104739588693906,625,-0.0771919709253416,-0.5514739582532586,61.28451865728395,85.6763953837674,105.3386773840009,0,0,0,0,0,12,12,1,1
418,1954,3,19,12,19800.5,75.93298941128411,111.03751102542182,418,382,992.9438715578982,992.9438715578982,0.0,11.545134357980029,8.527111877964998,14.104739588693906,625,-0.2317738535942044,-1.6554188605478921,18.257813162689708,2.1308495148487663,18.38173716324485,0,0,0,0,0,13,13,1,1
418,1954,3,19,15,19800.625,75.64073501114767,111.55193742204219,419,383,992.7346485304178,992.7346485304178,0.0,10.971981381092299,9.38114284306277,14.104739588693906,625,-0.20922302748047514,-1.4962839779365342,4.728674032056259,-10.83240219490741,11.819530253511687,0,0,0,0,0,15,15,1,1
418,1954,3,19,18,19800.75,75.43052158897677,111.2276511886353,420,383,993.4927654065708,993.4927654065708,0.0,8.921951916558527,9.422602528654897,14.104739588693906,625,0.7581168761530717,5.426898889695635,-3.0235879579088882,-7.791555352664576,8.357656307413441,0,0,0,0,0,17,17,1,1
418,1954,3,19,21,19800.875,77.71001892952525,115.39591184917059,409,383,,,,8.770526809052019,,0.0,0,-0.6044847117646713,,32.879125300434765,84.48951318958468,90.66153936226041,0,2,2,0,0,18,16,0,0
422,1954,3,18,15,19799.625,41.01665534469728,-48.445086463240216,201,219,993.9066356219168,995.9066356219168,2.0,9.87864117449293,4.057217979900961,183.9033045027407,106250,,,,,,3,0,0,0,0,2,2,1,1
422,1954,3,18,18,19799.75,42.32460423793891,-45.98099624412988,211,216,991.5165402193373,993.5165402193373,2.0,10.927805876769925,5.525342360426439,130.03927369650248,53125,-2.3900954025794636,-24.59279258131374,67.52281445681562,48.47909374627831,83.12372105861233,0,0,0,0,0,3,3,1,1
422,1954,3,18,21,19799.875,43.54196835528138,-44.19590150391074,219,215,990.2457560788105,994.2457560788105,4.0,12.55844979409763,10.478878618075106,176.73188049071527,98125,-1.2707841405268119,-12.780422881766585,47.95973315485119,45.12157124253782,65.84901058998494,0,0,0,0,0,4,4,1,1
422,1954,3,19,0,19800.0,45.49035868155671,-40.80999227447616,233,213,989.8574966843615,993.8574966843615,4.0,12.775661648344384,9.37246350342939,180.62879984608918,102500,-0.3882593944489781,-3.7720059164168647,87.97171116856558,72.21703980171809,113.81705849146014,0,0,0,0,0,2,2,1,1
422,1954,3,19,3,19800.125,46.9557252270893,-39.590395055526606,240,215,985.1285146845341,991.1285146845341,6.0,16.50574865758059,17.235534000966872,165.69317331547472,86250,-4.728981999827374,-44.83054386316004,30.85451324740368,54.31377517929554,62.46588798665452,0,0,0,0,0,2,2,1,1
422,1954,3,19,6,19800.25,48.39159458399231,-38.29016319224307,247,217,980.6643938334632,990.6643938334632,10.0,20.27450964089844,35.607350552846476,176.1681409986482,97500,-4.464120851070911,-41.36459575714875,32.00153997816455,53.22046260400005,62.100855072678605,0,0,0,0,0,2,2,1,1
422,1954,3,19,9,19800.375,49.46111796577515,-36.96695420944064,253,218,978.5674280522392,990.5674280522392,12.0,22.364274618558635,33.08966452645363,191.84519954901347,115625,-2.0969657812241347,-19.11693815632554,31.876882156237762,39.641857993994535,50.868580884655096,0,0,0,0,0,2,2,1,1
422,1954,3,19,12,19800.5,50.05456276817729,-34.736657167229396,260,216,979.4210541021989,993.4210541021989,14.0,22.856673075795893,16.179406199249133,269.1012803886529,227500,0.8536260499598575,7.714141729861092,53.07432082352079,21.996017090233583,57.45179108358469,0,0,0,0,0,2,2,1,1
422,1954,3,19,15,19800.625,51.36650988932013,-31.951516931713336,270,216,980.8110600314039,992.8110600314039,12.0,21.25525770494322,10.687646924843575,250.73133533983872,197500,1.3900059292049263,12.328200251113417,64.44708471034463,48.62728796567222,80.73437844288358,0,0,0,0,0,3,3,1,1
422,1954,3,19,18,19800.75,52.6631208203071,-29.46263836067137,279,217,982.3195771473407,992.3195771473407,10.0,19.140210899219063,14.17446961087604,238.53279052439012,178750,1.5085171159368473,13.144929131906501,55.94700639975118,48.05885245254344,73.75446307952585,0,0,0,0,0,5,5,1,1
422,1954,3,19,21,19800.875,53.661107755661135,-27.448927163455522,286,218,984.1192631776045,992.1192631776045,8.0,17.627259743716543,14.182480127175658,216.2215635251125,146875,1.7996860302636923,15.478813672717349,44.22611661584547,36.99036135630645,57.65618981677936,0,0,0,0,0,4,4,1,1
422,1954,3,20,0,19801.0,54.920779366460856,-25.151653981103138,294,220,990.2201703236959,994.2201703236959,4.0,12.05797794379743,9.6050217105505,186.5881662950577,109375,6.100907146091486,51.65015100483809,48.933298937510436,46.68969745303625,67.63427824087294,0,0,0,0,0,4,4,1,1
422,1954,3,20,3,19801.125,55.80613116261046,-22.89835336909677,301,221,989.7424268698212,991.7424268698212,2.0,12.217361971801726,8.970933917203292,113.71604603668075,40625,-0.4777434538747184,-4.001621090982288,46.934917020763116,32.8155426758277,57.26906911112655,0,0,0,0,0,4,4,1,1
422,1954,3,20,6,19801.25,56.76794212575515,-21.037511025421814,307,223,989.3775966040838,991.3775966040838,2.0,12.411576655811283,8.051938819253774,115.45226928885475,41875,-0.3648302657374006,-3.0218119647912447,37.79769550198099,35.6494998309351,51.957219165928386,0,0,0,0,0,3,3,1,1
422,1954,3,20,9,19801.375,57.46808082300679,-18.940858672626156,313,224,989.1793012982573,991.1793012982573,2.0,13.040150027726632,8.497516916880413,122.96226898414837,47500,-0.1982953058264684,-1.629513976707681,41.78967411972012,25.950623693971547,49.1915819336858,0,0,0,0,0,3,3,1,1
422,1954,3,20,12,19801.5,58.20510236018623,-17.658981196133045,317,226,987.8222790982352,989.8222790982352,2.0,15.205988039747371,7.4285373075173275,119.6826841204298,45000,-1.3570222000221839,-11.061639446014519,25.03314953425451,27.31768525404234,37.05286093196136,0,0,0,0,0,4,4,1,1
422,1954,3,20,15,19801.625,58.98827111559925,-15.916618515340149,322,228,987.378481503575,989.378481503575,2.0,15.606396642810623,6.8115311450344596,127.72384924875728,51250,-0.4437975946601364,-3.5875122980769536,33.271872853764314,29.028130769486967,44.15484004237242,0,0,0,0,0,4,4,1,1
422,1954,3,20,18,19801.75,59.79476668462191,-13.671307132195833,328,230,,,,15.881579520463047,,0.0,0,0.21958939629897942,,41.867101484631476,29.892738545545654,51.4434641570412,0,2,2,0,0,2,7,0,0
423,1954,3,20,21,19801.875,60.503313428860636,-11.741368442452812,333,232,988.6474815288377,990.6474815288377,2.0,15.569980359593364,6.485638522951777,145.21718204012956,66250,1.0494106289636693,8.353242565620816,35.219736757290285,26.262267749955218,43.93331952656391,2,0,0,2,0,3,3,1,1
423,1954,3,21,0,19802.0,61.09303409368864,-10.605872312862406,336,234,988.3263448357646,990.3263448357646,2.0,15.96852891254531,5.811691473922183,302.84160209044046,288125,-0.32113669307305825,-2.5415645701042986,20.344195870707775,21.857982022109965,29.860637697554377,0,0,2,0,0,2,2,1,3
423,1954,3,21,3,19802.125,61.70683605126831,-8.972626614896393,340,236,987.847735272217,989.847735272217,2.0,16.349608502954815,5.918810655943889,253.1005029518667,201250,-0.4786095635475067,-3.7657883257326894,28.692391439916403,22.75055454911916,36.61749662161293,0,0,0,0,0,3,3,1,3
423,1954,3,21,6,19802.25,62.265116149723184,-7.7335980990228625,343,238,988.3474547539428,990.3474547539428,2.0,16.023923713286333,4.315201726677405,251.9187042636836,199375,0.4997194817256241,3.9115549192304577,21.372093125593597,20.692638198269155,29.748136751291042,0,0,0,0,0,3,3,1,1
423,1954,3,21,9,19802.375,62.85693190150063,-5.496892505735562,348,240,989.2064686363583,991.2064686363583,2.0,15.727077849166697,4.841341183722324,281.3886710374423,248750,0.859013882415602,6.6879677836174185,37.81980183655993,21.935636368662493,43.72081373733626,0,0,0,0,0,2,2,1,1
423,1954,3,21,12,19802.5,63.586706292557196,-4.661873095238831,350,243,989.0491681938292,993.0491681938292,4.0,15.02963706302869,3.7071695675601224,429.905428746211,580625,-0.15730044252908557,-1.2168367607401795,13.767781235273134,27.04906996020415,30.351342406133497,0,0,0,0,0,4,4,1,1
423,1954,3,21,15,19802.625,64.3355901838838,-2.774277311300789,354,246,989.1768372944279,993.1768372944279,4.0,14.998671600379145,3.821578788430634,447.36712098460976,628750,0.12766910059857764,0.9813293203892316,30.300111341566236,27.757363120450904,41.092188487739115,0,0,0,0,0,3,3,1,1
423,1954,3,21,18,19802.75,65.05331366651144,-0.7777229942636189,358,249,988.2221053203446,992.2221053203446,4.0,15.401407538221402,3.6489778024381665,444.6909227673531,621250,-0.9547319740832608,-7.295216140156052,31.210977491175136,26.602403333953188,41.00991318080258,0,0,0,0,0,3,3,1,1
423,1954,3,21,21,19802.875,65.73743827839152,1.3322198538696388,362,252,988.2987780341232,992.2987780341232,4.0,15.496731564544215,4.225781872854932,435.65154612038873,596250,0.0766727137786802,0.582670256703874,32.13438268409841,25.357062011246963,40.93408291790971,0,0,0,0,0,4,4,1,1
423,1954,3,22,0,19803.0,66.63818501816435,2.4895529219991563,364,256,987.5043827975544,991.5043827975544,4.0,15.367024496495103,3.642437461216541,408.0635480043464,523125,-0.7943952365688165,-5.995225619526117,17.009778394094724,33.386155884788785,37.469560522904835,0,0,0,0,0,5,5,1,1
423,1954,3,22,3,19803.125,67.28295903106589,4.267893300290812,367,259,985.7951996025722,991.7951996025722,6.0,16.375702021961995,4.21457598925168,473.71771104696137,705000,-1.709183194982179,-12.83745639440728,25.453881092180648,23.898533022301258,34.914752516277346,0,0,0,0,0,5,5,1,1
423,1954,3,22,6,19803.25,67.87791659226777,6.726884049001323,371,262,985.0986140954176,991.0986140954176,6.0,16.55882373688308,4.007236391838087,440.64615120537735,610000,-0.6965855071546685,-5.2095980511983795,34.32027907159963,22.05208745815594,40.79431476093988,0,0,0,0,0,7,7,1,1
423,1954,3,22,9,19803.375,68.57457724123896,10.601154863652111,377,266,985.0658550401618,989.0658550401618,4.0,16.23665872175691,3.528873425468191,330.48461340403304,343125,-0.03275905525588314,-0.2438101816648037,52.446874775231805,25.821709919501004,58.45883489136354,0,0,0,0,0,6,6,1,1
423,1954,3,22,12,19803.5,69.2761122640881,13.507838875272997,381,270,985.3455101322683,987.3455101322683,2.0,15.551106243054909,5.213225109609048,236.85885552348068,176250,0.27965509210655,2.071543247507379,38.120464498393986,26.002378468099597,46.14426832848914,0,0,0,0,0,5,5,1,1
423,1954,3,22,15,19803.625,70.26388255382336,15.541595213334853,383,275,984.5324383825985,988.5324383825985,4.0,16.230289935730426,3.2728213454807706,389.35213277318815,476250,-0.8130717496697616,-5.984679162226461,25.45416880938283,36.61168163626237,44.59069344618436,0,0,0,0,0,6,6,1,1
423,1954,3,22,18,19803.75,70.26388255382336,15.541595213334853,383,275,,,,16.230289935730426,,0.0,0,0.0,,0.0,0.0,0.0,0,3,0,0,0,6,6,0,0
429,1954,3,18,21,19799.875,59.52899856273219,-115.32590142774937,238,417,1016.0370136447259,1016.0370136447259,0.0,9.065212334792607,8.361498816875319,14.104739588693906,625,,,,,,3,0,0,0,0,19,19,1,1
429,1954,3,19,0,19800.0,60.73934521959017,-113.48972509902595,241,411,1015.8185790018672,1019.8185790018672,4.0,10.644748067615094,6.97716150239059,330.48461340403304,343125,-0.21843464285877418,-1.7346981930371013,33.26446011454773,44.86146924127008,55.84868601138041,0,0,0,0,0,17,17,1,1
429,1954,3,19,3,19800.125,62.04170431821353,-112.10273687845344,245,406,1015.3692240351057,1019.3692240351057,4.0,12.078967853663372,6.306980255111121,312.22172032673495,306250,-0.44935496676145703,-3.5245794542616706,24.101410688055424,48.271908145432796,53.95419458351142,0,0,0,0,0,14,14,1,1
429,1954,3,19,6,19800.25,63.15635638085615,-111.48783133771444,249,403,1015.2137936064973,1021.2137936064973,6.0,12.002707876311623,4.188212443192533,500.46987091219614,786875,-0.15543042860837886,-1.2069073848631577,10.29161062659147,41.31455144658406,42.57709960203738,0,0,0,0,0,14,14,1,1
429,1954,3,19,9,19800.375,63.32186924556988,-110.58445165231454,249,401,1014.7412732266073,1020.7412732266073,6.0,12.756712896193248,5.452132528645816,351.48829934307025,388125,-0.47252037989004747,-3.6637496653886874,15.03334011111612,6.134730283524584,16.236878719387125,0,0,0,0,0,13,13,1,1
429,1954,3,19,12,19800.5,63.77653589625362,-107.81049638792204,249,395,1013.2951067956311,1019.2951067956311,6.0,13.904301102658556,5.826202161162073,317.27827140480923,316250,-1.4461664309761546,-11.168862323279136,45.42832895913724,16.85220829016861,48.45337961664609,0,0,0,0,0,14,14,1,1
429,1954,3,19,15,19800.625,64.16609413229398,-104.94755228881019,249,389,1011.9401100501372,1019.9401100501372,8.0,14.859430999027696,9.414391456752638,391.13640721247674,480625,-1.3549967454939906,-10.430062217456111,46.23715840203234,14.438966493430451,48.43922553564453,0,0,0,0,0,16,16,1,1
429,1954,3,19,18,19800.75,64.48780808569829,-102.00620107409216,249,383,1010.9802656859086,1018.9802656859086,8.0,15.148707925924247,8.054129974412426,381.0890782630152,456250,-0.9598443642284837,-7.368469331116976,46.95153581507932,11.924319816440827,48.44209036034096,0,0,0,0,0,16,16,1,1
429,1954,3,19,21,19800.875,64.66339570711257,-100.00797980144135,249,379,1009.8823898622239,1017.8823898622239,8.0,15.500822423822445,8.415915386377964,367.53606346758164,424375,-1.0978758236847352,-8.415831174708716,31.693302296152236,6.508150894284749,32.354620048735974,0,0,0,0,0,17,17,1,1
429,1954,3,20,0,19801.0,65.26193267555867,-98.13010235415598,251,375,1010.3767948970878,1018.3767948970878,8.0,14.438874658787162,9.267416957341483,401.92321062396206,507500,0.4944050348638848,3.771442535904482,29.12593495370235,22.184758100140346,36.61261502391004,0,0,0,0,0,14,14,1,1
429,1954,3,20,3,19801.125,65.35004341137987,-96.5719226543159,251,372,1008.8298315550533,1016.8298315550533,8.0,15.321109049007648,9.637316669880384,364.00067324663405,416250,-1.546963342034578,-11.792273198338684,24.086999313192198,3.2658222687454885,24.307388403626486,0,0,0,0,0,15,15,1,1
429,1954,3,20,6,19801.25,65.66715436145498,-94.52095789958142,252,368,1008.219066800955,1016.219066800955,8.0,15.043422925144634,9.414989969254894,374.2410318509555,440000,-0.6107647540981997,-4.644045843616596,31.321217409306083,11.753709610595962,33.45397359972705,0,0,0,0,0,13,13,1,1
429,1954,3,20,9,19801.375,65.94084263365905,-92.95631065750366,253,365,1007.9449854625568,1015.9449854625568,8.0,14.3597232597,7.958635421476647,425.2526356040208,568125,-0.2740813383982459,-2.0795522789123355,23.642203000854046,10.144249117069153,25.726631199648942,0,0,0,0,0,13,13,1,1
429,1954,3,20,12,19801.5,65.96665041148412,-91.34472438870233,253,362,1007.3614766376272,1015.3614766376272,8.0,14.36154460021705,5.358639165877102,436.3359951616183,598125,-0.583508824929595,-4.426398604923906,24.32685438165896,0.9565646540394385,24.34565382247512,0,0,0,0,0,12,12,1,1
429,1954,3,20,15,19801.625,65.74170402933468,-89.20057588668246,252,358,1006.443865739305,1014.443865739305,8.0,14.291112098518044,6.9808418039704705,431.29147886163094,584375,-0.9176108983221638,-6.973101790489039,32.64988972899809,-8.33763215402224,33.697646939386146,0,0,0,0,0,14,14,1,1
429,1954,3,20,18,19801.75,65.4827634088188,-87.09808953111636,251,354,1006.7828725381852,1014.7828725381852,8.0,13.599164503303399,4.1276740069256626,507.3786755975666,808750,0.3390067988801457,2.581461683194971,32.33629548933039,-9.597627767853222,33.730556840105024,0,0,0,0,0,12,12,1,1
429,1954,3,20,21,19801.875,65.8764362950062,-84.902600262021,253,350,1006.233933834991,1014.233933834991,8.0,13.376313296440642,4.5497975710664464,507.7706251929807,810000,-0.5489387031941442,-4.1670865303043865,33.25705201233905,14.591475900519727,36.31725041226102,0,0,0,0,0,12,12,1,1
429,1954,3,21,0,19802.0,65.62677382908751,-84.42136374460661,252,349,1004.910616958567,1014.910616958567,10.0,14.137785105146664,5.273564447041645,632.8298551387899,1258125,-1.323316876424069,-10.065258282351994,7.36094248993379,-9.253733194576071,11.824341519785012,0,0,0,0,0,11,11,1,1
429,1954,3,21,3,19802.125,65.52080678675289,-82.31809538374854,252,345,1004.3308081128105,1014.3308081128105,10.0,13.956914098977572,4.996940937407999,651.1136457340118,1331875,-0.5798088457564882,-4.4137802564978355,32.301220418914006,-3.9276658330463348,32.5391364274983,0,0,0,0,0,15,15,1,1
429,1954,3,21,6,19802.25,65.22844358549773,-81.35306829204694,251,343,1003.6967145140937,1011.6967145140937,8.0,13.969990606726107,4.983634651434186,477.6906945482662,716875,-0.6340935987167177,-4.838324895559117,14.986990903192659,-10.836434905711846,18.49427527096181,0,0,0,0,0,12,12,1,1
429,1954,3,21,9,19802.375,65.52503723793062,-79.10449631658729,253,339,1002.77553075539,1012.77553075539,10.0,13.866297001204906,4.379188614770538,644.9738231172188,1306875,-0.9211837587037007,-7.012252489012943,34.52690975022437,10.993236475172305,36.23477259621202,0,0,0,0,0,11,11,1,1
429,1954,3,21,12,19802.5,66.22834486001612,-76.55713234316963,257,335,1002.7109201688347,1010.7109201688347,8.0,12.87205552581486,4.6148625957582405,492.253390904939,761250,-0.06461058655535452,-0.4891337783692833,38.05656567442938,26.06807981545241,46.128591743049704,0,0,0,0,0,13,13,1,1
429,1954,3,21,15,19802.625,66.39629339404021,-75.8973651602665,258,334,1002.2397089170839,1010.2397089170839,8.0,12.11371500864277,4.315263362245896,518.6249645218626,845000,-0.47121125175079215,-3.562715386420564,9.791641378039985,6.225008306956253,11.602886248594318,0,0,0,0,0,10,10,1,1
429,1954,3,21,18,19802.75,67.00326113992001,-74.94194253027297,261,333,1002.3302078688794,1010.3302078688794,8.0,11.992638355579304,3.9767081621539546,552.4306321871637,958750,0.09049895179545274,0.6811262112640645,13.834859422638193,22.497244659572846,26.41078099028576,0,0,0,0,0,12,12,1,1
429,1954,3,21,21,19802.875,67.22404445396342,-74.7946172041661,262,333,1002.1032637331044,1010.1032637331044,8.0,11.586855829041788,3.6917180247702346,591.390723164001,1098750,-0.22694413577497471,-1.7052833843259072,2.113958138623812,8.183328136465878,8.451962990981915,0,0,0,0,0,10,10,1,1
429,1954,3,22,0,19803.0,67.66486564350967,-74.49136180317021,264,333,1000.9799068064333,1010.9799068064333,10.0,12.328622797161927,4.642668641308119,825.3382073025045,2140000,-1.123356926671113,-8.41409708825966,4.27151768917385,16.33902661165462,16.88815128974403,0,0,0,0,0,13,13,1,1
429,1954,3,22,3,19803.125,67.88489658385988,-74.33526697427818,265,333,1001.4277190452282,1011.4277190452282,10.0,11.475660884519646,5.480098505658971,922.5405455501185,2673750,0.44781223879486787,3.3489158676147093,2.178114706396037,8.155441423924785,8.441291873480445,0,0,0,0,0,13,13,1,1
429,1954,3,22,6,19803.25,67.88489658385988,-74.33526697427818,265,333,1001.2041224841762,1009.2041224841762,8.0,10.909776408290737,6.5050184801524304,689.8356904689457,1495000,-0.22359656105196335,-1.672142934874121,0.0,0.0,0.0,0,0,0,0,0,12,12,1,1
429,1954,3,22,9,19803.375,68.10466949829909,-74.17607906797852,266,333,1001.2676666554336,1009.2676666554336,8.0,10.327029300994248,7.549482498567596,788.4789131313,1953125,0.0635441712573811,0.4744722026867619,2.2002914886083604,8.14587769984318,8.437808135745017,0,0,0,0,0,11,11,1,1
429,1954,3,22,12,19803.5,68.82535899426253,-74.26386459854103,269,334,999.2745193211188,1007.2745193211188,8.0,12.011509832721574,7.289585865244009,585.4741315243309,1076875,-1.9931473343148536,-14.808761643264834,-1.175299785615747,26.712338545719128,26.738181691490922,0,0,0,0,0,9,9,1,1
429,1954,3,22,15,19803.625,69.66320066409918,-75.57922687248902,272,337,1000.1125007584071,1008.1125007584071,8.0,10.82812734541208,4.982966065262372,680.982903921978,1456875,0.8379814372883994,6.191656972963575,-16.94349343473109,31.054581005747295,35.37610734966887,0,0,0,0,0,10,10,1,1
429,1954,3,22,18,19803.75,70.2146690450079,-76.51693997259476,274,339,1001.0183815552177,1007.0183815552177,6.0,10.335874094358863,8.221835745644348,500.46987091219614,786875,0.9058807968106702,6.669865335861582,-11.764792228130068,20.440162053979527,23.584116709429978,0,0,0,0,0,10,10,1,1
429,1954,3,22,21,19803.875,70.48812422600814,-77.0053832080835,275,340,1002.2131844159826,1008.2131844159826,6.0,9.26366770148731,9.24721972131665,581.8953010877535,1063750,1.1948028607647574,8.782177447221535,-6.046805806253632,10.135609597298487,11.802306654522743,0,0,0,0,0,6,6,1,1
429,1954,3,23,0,19804.0,70.71221165342864,-80.26301172959725,275,345,1003.3122007730313,1005.3122007730313,2.0,8.384624630017488,5.510093056267433,205.8518972422094,133125,1.099016357048822,8.066998201176258,-39.87852876272228,8.305795017997138,40.734301112947236,0,0,0,1,0,8,8,1,2
429,1954,3,23,3,19804.125,70.71221165342864,-80.26301172959725,275,345,,,,8.384624630017488,,0.0,0,0.0,,0.0,0.0,0.0,0,3,0,0,0,8,8,0,0
431,1954,3,19,0,19800.0,52.60231182629575,27.424814163458024,435,214,1006.8858745633522,1012.8858745633522,6.0,11.079342194297208,1.7652780281431477,593.5732939323359,1106875,,,,,,3,0,0,0,0,3,3,1,1
431,1954,3,19,3,19800.125,52.42758917790435,30.068582821862446,442,217,1005.9669941101887,1013.9669941101887,8.0,12.44839536052039,2.1513163189196347,634.2429492432418,1263750,-0.9188804531635832,-8.032203206631678,59.74814825170579,-6.476090690341515,60.098094563283304,0,0,0,0,0,3,3,1,1
431,1954,3,19,6,19800.25,52.29807363679244,32.391393206633765,448,220,1005.3669449610466,1015.3669449610466,10.0,13.649754203761978,3.5112921257060226,664.7209269752792,1388125,-0.6000491491421417,-5.2543564670672795,52.64939857524345,-4.800490364423079,52.86779622864723,0,0,0,0,0,3,3,1,1
431,1954,3,19,9,19800.375,52.239196305716625,34.41042914193233,453,223,1004.0173777564377,1016.0173777564377,12.0,15.430646863164068,7.218964881011926,669.6409875160086,1408750,-1.349567204608902,-11.826944027382151,45.82527160229967,-2.1822868366673247,45.87720450574582,0,0,0,0,0,3,3,1,1
431,1954,3,19,12,19800.5,52.41173931264099,35.86115088030732,456,226,1001.0228705462583,1015.0228705462583,14.0,18.022982140746418,11.80652867543955,598.413420602149,1125000,-2.9945072101792904,-26.181437723935346,32.79881512065643,6.395302332661949,33.41649540638803,0,0,0,0,0,3,3,1,1
431,1954,3,19,15,19800.625,52.456421580200406,38.08877288097532,461,230,1000.9710813542436,1014.9710813542436,14.0,18.527549892773887,12.85279006582314,563.1307344752207,996250,-0.0517891920148395,-0.4525293602780414,50.311270862197,1.6561471545272886,50.338522020087176,0,0,0,0,0,5,5,1,1
431,1954,3,19,18,19800.75,52.41317997644324,39.82783917490345,465,233,1000.7210603816152,1014.7210603816152,14.0,19.69933434373071,13.573423992008973,477.898884008814,717500,-0.25002097262826284,-2.185929560386271,39.31631476465094,-1.6027489859236714,39.34896963053784,0,0,0,0,0,7,7,1,1
431,1954,3,19,21,19800.875,52.491045154047455,41.30068050771282,468,236,1000.7930266037853,1014.7930266037853,14.0,19.96381283666746,13.82437878432429,468.2263705827405,688750,0.07196622217001276,0.6285426630278499,33.238983106770895,2.8860709039552144,33.364043568411454,0,0,0,0,0,6,6,1,1
431,1954,3,20,0,19801.0,52.193296940407514,42.30858998422161,471,237,1000.2525145698528,1014.2525145698528,14.0,21.08619301050108,11.799315959329105,444.24332232904777,620000,-0.5405120339324639,-4.739724541376328,22.90033650782394,-11.036030258080492,25.42084530515935,0,0,0,0,0,5,5,1,1
431,1954,3,20,3,19801.125,52.219109555615134,43.28653468263418,473,239,1002.2328853769894,1014.2328853769894,12.0,19.820012053553906,12.503654980999126,425.95379458899146,570000,1.9803708071366417,17.35971208884779,22.206624030158427,0.95674395150547,22.2272245187192,0,0,0,0,0,5,5,1,1
431,1954,3,20,6,19801.25,52.40309630794423,45.49179718794592,477,244,1004.1214183990119,1014.1214183990119,10.0,19.015853830231713,6.20423607629753,389.607529411195,476875,1.8885330220224568,16.513652819459452,49.86661368065036,6.819464476267711,50.33074861074791,0,0,0,0,0,4,4,1,1
431,1954,3,20,9,19801.375,52.54303117814716,47.22156713293605,480,248,1005.6690937045985,1013.6690937045985,8.0,17.46257984894967,6.183552249702553,345.2061176167894,374375,1.5476753055865993,13.507772332020448,38.990912112329575,5.186682542410311,39.33437304886342,0,0,0,0,0,4,4,1,1
431,1954,3,20,12,19801.5,52.825689377038195,48.731396999160445,482,252,1005.8485614585469,1013.8485614585469,8.0,16.83180488442401,6.688291293737493,369.1563625652894,428125,0.17946775394841097,1.5604764548799241,33.8138485042362,10.476719230390795,35.39968921473572,0,0,0,0,0,5,5,1,1
431,1954,3,20,15,19801.625,52.92905880264904,49.99133325752452,484,255,1006.9428387377749,1014.9428387377749,8.0,16.032397316452723,7.148120546683567,386.2742020231896,468750,1.094277279227972,9.50178307324217,28.150260180071104,3.831385232695711,28.409798679452404,0,0,0,0,0,6,6,1,1
431,1954,3,20,18,19801.75,53.198091238773515,51.03528239661225,485,258,1008.0989961425679,1016.0989961425679,8.0,15.231143139921176,7.133944853490902,393.4185838987124,486250,1.156157404793048,10.003720842770923,23.179415361769827,9.971680666622873,25.233305606490628,0,0,0,0,0,6,6,1,1
431,1954,3,20,21,19801.875,52.975727814521,51.753574035530995,487,259,1008.9323589666877,1016.9323589666877,8.0,14.481035617397204,6.489617843214364,415.0725549792189,541250,0.8333628241198312,7.231773658832543,16.03133846336798,-8.241894882730627,18.025888166330194,0,0,0,0,0,6,6,1,1
431,1954,3,21,0,19802.0,53.267079783004924,52.31215486529823,487,261,1008.3298046749676,1016.3298046749676,8.0,14.790080277749999,7.319286691462039,389.0965684970319,475625,-0.6025542917201528,-5.20894833014987,12.382606570921462,10.798953587772623,16.430043946413978,0,0,0,0,0,5,5,1,1
431,1954,3,21,3,19802.125,52.89117688689433,52.74273666763798,489,261,1009.8483300006989,1017.8483300006989,8.0,13.847447160800668,6.1334654234554185,427.35266139097564,573750,1.518525325731316,13.192188591506634,9.628845929237812,-13.932831652831593,16.93630632089375,0,0,0,0,0,8,8,1,1
431,1954,3,21,6,19802.25,52.65442869519226,53.44510346604464,491,262,1010.7125115748654,1016.7125115748654,6.0,13.210501286239875,5.76421557662994,339.97981913709083,363125,0.8641815741664323,7.531184291007753,15.792225795600583,-8.775065936514299,18.06643788269857,0,0,0,0,0,6,6,1,1
431,1954,3,21,9,19802.375,52.41173931264099,54.138849119692686,493,263,1011.7403108563292,1015.7403108563292,4.0,11.704164793326873,5.426809490181549,263.498280684788,218125,1.0277992814638128,8.9862074096456,15.684834124107413,-8.995276030067313,18.081178400698,0,0,0,0,0,4,4,1,1
431,1954,3,21,12,19802.5,52.219109555615134,54.341614985946535,494,263,1011.6638900165563,1015.6638900165563,4.0,10.576073223250933,5.957648467710169,305.13217088461647,292500,-0.07642083977290895,-0.6698966533261626,4.604327873437893,-7.139817234016195,8.49569451553384,0,0,0,0,0,6,6,1,1
431,1954,3,21,15,19802.625,52.02587500541466,54.54240011467388,495,263,1012.9213488016179,1014.9213488016179,2.0,9.022801305813601,6.036626324854588,175.60259173501603,96875,1.2574587850616081,11.05169961616327,4.579161399973156,-7.162233878245557,8.500959548997542,0,0,0,0,0,5,5,1,1
431,1954,3,21,18,19802.75,51.637613269904655,54.93812397222488,497,263,1014.4167772413844,1014.4167772413844,0.0,7.711800843295063,5.3193839193767785,14.104739588693906,625,1.495428439766547,13.213388834214713,9.103122872824144,-14.390911732974802,17.02836417698441,0,0,0,0,0,5,5,1,1
431,1954,3,21,21,19802.875,51.637613269904655,54.93812397222488,497,263,,,,7.711800843295063,,0.0,0,0.0,,0.0,0.0,0.0,0,3,0,0,0,5,5,0,0
432,1954,3,19,0,19800.0,76.72530447901012,20.272685613309864,380,304,998.0092699690837,1002.0092699690837,4.0,7.8097749832660455,13.032121032504293,282.0947917738781,250000,,,,,,3,0,0,0,0,10,10,1,1
432,1954,3,19,3,19800.125,76.47609593470632,22.948937280923275,383,304,996.207149745383,1002.207149745383,6.0,8.90790407190588,12.707318804883835,388.58493570702876,474375,-1.802120223700622,-12.841519130873822,23.194905975835947,-9.236908601019467,24.966460376502262,0,0,0,0,0,9,9,1,1
432,1954,3,19,6,19800.25,76.29395018396715,24.67686317033706,385,304,994.9545482974764,1000.9545482974764,6.0,9.534719453279944,11.498975061622914,404.8821944524756,515000,-1.252601447906636,-8.932642365582684,15.174452036850933,-6.751227797353736,16.608524058159148,0,0,0,0,0,8,8,1,1
432,1954,3,19,9,19800.375,76.1982576586734,25.523424501068018,386,304,994.1464377588975,998.1464377588975,4.0,10.097064825575288,10.802659464668832,277.472888262447,241875,-0.8081105385789124,-5.765212887003846,7.485511591067275,-3.5468411101571284,8.283294371245246,0,0,0,0,0,7,7,1,1
432,1954,3,19,12,19800.5,75.47930544134182,29.140633733394317,391,303,991.9606373219837,995.9606373219837,4.0,11.467966329594496,10.102313746962682,202.93186424272537,129375,-2.185800436913851,-15.64336336792181,33.610539746078004,-26.64794635570904,42.89267334871349,0,0,0,3,0,8,8,1,1
432,1954,3,19,15,19800.625,74.8973393329109,32.86317554470773,396,303,990.1864977101203,994.1864977101203,4.0,12.543423107937771,12.746837063977146,199.96919625742038,125625,-1.7741396118633566,-12.731333258829574,35.94364200152594,-21.570559578864888,41.9193802539973,0,0,0,0,0,10,10,1,1
432,1954,3,19,18,19800.75,74.51903397913762,34.95797636447049,399,303,988.6639323806635,994.6639323806635,6.0,13.372382613827396,13.982404852583205,286.98899464971794,258750,-1.5225653294568473,-10.945763323320444,20.72345853244996,-14.021878687355033,25.021487075493223,0,0,0,0,0,11,11,1,1
432,1954,3,19,21,19800.875,73.93937629562481,36.46923439005187,402,302,988.2140760466709,994.2140760466709,6.0,13.623633314271206,8.695971658761119,298.54106607209235,280000,-0.4498563339925022,-3.2432830301286977,15.496304123508002,-21.484997865720143,26.49038645958662,0,0,0,0,0,12,12,1,1
432,1954,3,20,0,19801.0,73.26955203705005,40.643024994153706,408,303,985.4579751013022,991.4579751013022,6.0,15.35753522564774,13.592368561613547,277.83114908082075,242500,-2.7561009453688166,-19.938845767023384,44.52479476641023,-24.827019765655844,50.97880205963276,0,0,0,0,0,9,9,1,1
432,1954,3,20,3,19801.125,72.66585611997306,42.89834567232871,412,303,983.7927509787166,991.7927509787166,8.0,17.100372076681285,12.216677017227193,332.88380724771235,348125,-1.665224122585496,-12.085911964005128,24.90467056040787,-22.375974404998225,33.480245612832384,0,0,0,0,0,10,10,1,1
432,1954,3,20,6,19801.25,72.0363650275777,45.0,416,303,983.1999251276445,991.1999251276445,8.0,18.140221382364015,9.30925261475364,321.01841949022526,323750,-0.5928258510721207,-4.317695010111444,24.02348892248689,-23.33207194743523,33.48900717204295,0,0,0,0,0,8,8,1,1
432,1954,3,20,9,19801.375,71.53774228028087,47.468117913828536,420,304,982.9729016687322,992.9729016687322,10.0,19.028412970796126,12.378880209698472,387.302896792822,471250,-0.22702345891229925,-1.658208566138107,28.96809332441934,-18.4814399363266,34.36151994560654,0,0,0,0,0,8,8,1,1
432,1954,3,20,12,19801.5,71.64587447146349,49.9697407281103,422,307,977.0316134496097,991.0316134496097,14.0,25.200743081445097,19.99619835537007,347.7898169151024,380000,-5.941288219122507,-43.36868510579712,29.195253264340902,4.007917022155573,29.469072126985818,0,0,0,0,0,9,9,1,1
432,1954,3,20,15,19801.625,70.94150583109327,51.70983680775693,426,307,978.1552020099256,992.1552020099256,14.0,25.01705929415596,17.53759739627334,403.15875983611977,510625,1.1235885603158386,8.23589465013992,21.059569319922065,-26.10740643223101,33.54254210041779,0,0,0,0,0,11,11,1,1
432,1954,3,20,18,19801.75,70.48812422600814,54.38551826004307,430,309,978.4810532875714,992.4810532875714,14.0,25.240660117140635,15.434429409604492,431.98283620445767,586250,0.325851277645852,2.395109549585482,33.12168602725667,-16.804578106478214,37.14081219662404,0,0,0,0,0,11,11,1,1
432,1954,3,20,21,19801.875,70.23796608567645,58.029194807943746,434,313,979.1805365204438,993.1805365204438,14.0,25.166847414646558,11.846677359387613,448.92086907395213,633125,0.6994832328722986,5.1494380366481645,45.65647364273473,-9.272105354573991,46.58846985248658,0,0,0,0,0,11,11,1,1
432,1954,3,21,0,19802.0,69.91926137715441,63.00416160591339,439,319,980.941175632989,990.941175632989,10.0,24.411378930210937,10.87502369990012,321.32813342573525,324375,1.760639112545323,12.987584364780764,63.29406263219413,-11.812782228460579,64.38695666410354,0,0,0,0,0,10,10,1,1
432,1954,3,21,3,19802.125,69.87339894461908,67.30620505490764,442,325,980.2652102540902,992.2652102540902,12.0,26.00571345563577,14.950340883205648,353.1822286699502,391875,-0.6759653788988362,-4.987808024027395,54.856456686704945,-1.6998899405024057,54.882788431621776,0,0,0,0,0,14,14,1,1
432,1954,3,21,6,19802.25,69.77943831868122,70.15311713847439,444,329,979.6076064988818,991.6076064988818,12.0,26.942532638139816,17.070962493793704,316.3363249281201,314375,-0.6576037552084018,-4.855245900257695,36.46834986961951,-3.482648302879517,36.63426512726203,0,0,0,0,0,11,11,1,1
432,1954,3,21,9,19802.375,69.63549855595596,72.9671155061194,446,333,980.6672013638512,992.6672013638512,12.0,26.4826228348739,15.62394166836639,334.96900584947593,352500,1.0595948649694038,7.830513070044907,36.29255513195845,-5.335123785823123,36.6825994691802,0,0,0,0,0,10,10,1,1
432,1954,3,21,12,19802.5,69.44258140765885,75.73548770192009,448,337,983.2355967240553,993.2355967240553,10.0,24.507292736366445,10.025062597415017,291.1185449201652,266250,2.5683953602041583,19.004561015832582,36.027882894606265,-7.15046938445823,36.7306079215351,0,0,0,0,0,14,14,1,1
432,1954,3,21,15,19802.625,69.47003512021428,78.93649946665671,449,342,985.7120536386449,993.7120536386449,8.0,22.015867620625283,5.317032725092576,277.83114908082075,242500,2.4764569145895075,18.320982400115373,41.60387172995564,1.0175711845735271,41.61631403714505,0,0,0,0,0,11,11,1,1
432,1954,3,21,18,19802.75,69.6884156919091,82.67809171302629,449,348,986.4680798272077,994.4680798272077,8.0,21.01020380564784,4.646943546284747,300.2024092604617,283125,0.7560261885628279,5.585197531300588,48.13251234188812,8.094270550067598,48.8083595307167,0,0,0,0,0,13,13,1,1
432,1954,3,21,21,19802.875,70.01128789943347,85.15599962491933,448,352,988.3966527874503,994.3966527874503,6.0,18.68037149428984,5.072944994225909,271.3100830783876,231250,1.9285729602426,14.218040389498846,31.39319553299757,11.967250477079848,33.596842258673455,0,0,0,0,0,11,11,1,1
432,1954,3,22,0,19803.0,70.28463920572405,87.05595365001238,447,355,988.2483555637626,994.2483555637626,6.0,18.532097205883556,9.134262598517452,303.8253889873249,290000,-0.1482972236876958,-1.091411709123378,23.755647188001937,10.131759483724853,25.82602028104355,0,0,0,0,0,14,14,1,1
432,1954,3,22,3,19803.125,71.59589130049987,95.25780916895471,441,367,990.0568153551135,994.0568153551135,4.0,15.856803555577958,4.138374715987375,286.98899464971794,258750,1.808459791350906,13.204755669120868,95.90471120239175,48.601526830374176,107.5166128607935,0,0,0,0,0,14,14,1,1
432,1954,3,22,6,19803.25,71.64587447146349,99.52002186577414,440,373,990.126507642413,998.126507642413,8.0,15.40947512058203,2.4056184002474765,796.3871220839793,1992500,0.06969228729954921,0.5087218042156004,49.735489430593105,1.8526250095870613,49.769982201391095,0,0,2,0,0,13,13,1,2
432,1954,3,22,9,19803.375,71.91751822139527,102.56744275354066,438,377,991.3429856940297,997.3429856940297,6.0,13.843441435268574,4.010163756618931,681.2749832422586,1458125,1.2164780516167228,8.86588734295535,35.055142173517154,10.068468949039193,36.472415052793906,0,0,0,0,0,12,12,1,2
432,1954,3,22,12,19803.5,72.37151195209448,108.20391870602653,434,384,991.552989874181,995.552989874181,4.0,13.025890891178511,2.5094533302888156,333.7790589062273,350000,0.2100041801511543,1.5266424503476903,63.24569376555781,16.82726652739589,65.44596762727812,0,0,0,2,0,11,11,1,1
432,1954,3,22,15,19803.625,72.70114940076074,111.73229518994306,431,388,991.9734451517901,995.9734451517901,4.0,11.967497422399722,2.59115795115933,319.7765640827088,321250,0.4204552776091441,3.0510065071577395,38.882338307239806,12.218003974581567,40.756789046262455,0,0,0,0,0,12,12,1,1
432,1954,3,22,18,19803.75,72.7365124574238,113.39447275736153,430,390,992.8551519943506,996.8551519943506,4.0,10.57166954359449,2.6961258976922546,339.1009383412178,361250,0.8817068425605248,6.396820232972994,18.282767909684065,1.3107308305256535,18.329692243719315,0,0,0,0,0,13,13,1,1
432,1954,3,22,21,19803.875,74.07279428042499,118.19130837379315,422,393,993.6755442134448,997.6755442134448,4.0,8.518268195802769,3.3861870106409326,359.0480523612894,405000,0.8203922190942103,5.910751155499651,48.77647949766032,49.52925309502483,69.51468811939462,0,0,0,0,0,12,12,1,1
432,1954,3,23,0,19804.0,75.52124795623138,122.33493623495765,414,394,993.7046192723236,995.7046192723236,2.0,8.948896024704778,4.984191977714,204.88317705582224,131875,0.029075058878806886,0.20804534839390143,38.39123951681287,53.686900076444125,66.00129174080905,0,0,0,0,0,12,12,1,1
432,1954,3,23,3,19804.125,75.96182055696012,124.5792876032055,411,395,994.5033287654329,994.5033287654329,0.0,8.06257859176978,3.6342600320138443,14.104739588693906,625,0.7987094931093452,5.703974866595531,20.177282187821753,16.32981267321144,25.957378496858382,0,0,0,0,0,12,12,1,1
432,1954,3,23,6,19804.25,75.96182055696012,124.5792876032055,411,395,,,,8.06257859176978,,0.0,0,0.0,,0.0,0.0,0.0,0,3,0,0,0,12,12,0,0
435,1954,3,19,9,19800.375,50.712243569205654,-12.944642291276729,321,192,999.7074898700474,999.7074898700474,0.0,12.071610696855986,10.66359615591755,14.104739588693906,625,,,,,,3,0,0,0,0,1,1,1,1
435,1954,3,19,12,19800.5,51.70989486234445,-11.175907503235807,327,195,997.5960250229911,1001.5960250229911,4.0,14.738495873390837,14.105884989858753,276.3953195770684,240000,-2.111464847056341,-18.638001131510297,40.62166361807263,36.97792078580577,54.931650082089945,0,0,0,0,0,1,1,1,1
435,1954,3,19,15,19800.625,52.35127343285423,-9.947626123434151,331,197,996.763655475271,1002.763655475271,6.0,15.453757940380935,13.480863005541105,266.8741970172897,223750,-0.8323695477201545,-7.2834560513593685,27.807933964120792,23.772681033075564,36.58444416488042,0,0,0,0,0,2,2,1,1
435,1954,3,19,18,19800.75,52.504035953059365,-8.573864578435018,335,197,997.1196594437325,1003.1196594437325,6.0,15.066006534322602,8.252647901368109,294.85316288611835,273125,0.35600396846159127,3.1087466545310263,30.99386816150439,5.662139076082801,31.50681961940334,0,0,0,0,0,4,4,1,1
435,1954,3,19,21,19800.875,52.19186334129868,-6.760353263996271,340,195,999.8789958774403,1003.8789958774403,4.0,13.94794526022169,5.7245755801773335,261.98391020896656,215625,2.759336433707795,24.196960832209392,41.204703112893,-11.570670221723514,42.79845754231726,0,0,0,0,0,3,3,1,1
435,1954,3,20,0,19801.0,51.36650988932013,-4.918380714130691,345,191,999.6228940502976,1005.6228940502976,6.0,16.063704666047993,5.9464380485292345,335.8586993311039,354375,-0.25610182714270197,-2.2714108935471966,42.62398442591008,-30.591705516196143,52.46576497803011,0,0,0,0,0,3,3,1,1
435,1954,3,20,3,19801.125,51.9816192684447,-1.2042384288299293,356,193,1000.1524724945008,1006.1524724945008,6.0,16.026460335956337,5.97855630189013,351.20518347003207,387500,0.5295784442032163,4.657229732678765,84.78036808637349,22.799014096712746,87.79240204393022,0,0,0,0,0,3,3,1,1
435,1954,3,20,6,19801.25,51.9816192684447,-1.2042384288299293,356,193,1002.4253234506687,1006.4253234506687,4.0,13.482507705238984,4.806602170251426,308.69729862159846,299375,2.272850956167822,19.987952997101715,0.0,0.0,0.0,0,0,0,0,0,2,2,1,1
435,1954,3,20,9,19801.375,52.227717061247965,-0.17309850512015207,359,194,1005.2556020272988,1009.2556020272988,4.0,10.844232129437545,3.3515421755267742,368.0769556858673,425625,2.8302785766300804,24.807021376581535,23.40999353318538,9.121608672715514,25.124321722226455,0,0,0,0,0,2,2,1,1
435,1954,3,20,12,19801.5,52.69355674745572,1.2263278598958598,363,196,1007.471686285695,1009.471686285695,2.0,8.154557621401588,5.024706135193555,272.4077682750553,233125,2.216084258396295,19.302714680748885,31.43658440321332,17.266336578665047,35.86621276059268,0,0,0,0,0,3,3,1,2
435,1954,3,20,15,19801.625,52.69355674745572,1.2263278598958598,363,196,,,,8.154557621401588,,0.0,0,0.0,,0.0,0.0,0.0,0,3,0,0,0,3,3,0,0
442,1954,3,20,0,19801.0,28.52619487922875,17.740488535372236,439,111,1003.1825260638744,1005.1825260638744,2.0,10.497732689860896,4.469419128983136,279.9710868514077,246250,-1.1415275687898976,-16.56069772989625,-0.7934445663343945,92.87312010093548,92.87650936357713,2,0,0,2,0,1,1,1,2
442,1954,3,20,3,19801.125,31.526772251196036,16.18208876892528,429,120,1002.3703835847406,1006.0992684692517,3.7288848845110625,11.910347977376524,6.33112408381261,401.92321062396206,507500,-0.8121424791337631,-10.76060687852914,-49.23572048738726,111.21632692240821,121.62741280658776,0,0,0,0,0,2,1,2,0
442,1954,3,20,6,19801.25,31.846353654270366,16.024686992725158,428,121,1003.4294101854675,1011.4294101854675,8.0,11.931299878325122,7.646892422313104,1147.609321191421,4137500,1.0590266007269384,13.905516883884923,-4.955863753311916,11.845276890605366,12.840216904573706,0,0,0,0,0,1,1,1,2
442,1954,3,20,9,19801.375,31.949306612380372,16.53310576811949,430,122,1004.3347695875941,1010.3347695875941,6.0,11.491159113779037,5.21596350878739,585.9836087475179,1078750,0.9053594021264871,11.853523367661094,15.989881749267557,3.8159488749608053,16.438910674733723,0,0,0,0,0,1,1,1,2
442,1954,3,20,12,19801.5,29.82937554038973,19.99267016385975,447,119,1002.9096006793138,1008.9096006793138,6.0,10.499598433284557,2.4315573409883653,1250.3197305170154,4911250,-1.4251689082801748,-19.85019435304023,111.23554043115651,-78.57519334717342,136.18886321780184,0,0,1,0,0,0,0,1,1
442,1954,3,20,15,19801.625,29.952647892061254,20.989200936100396,451,121,1001.0808127809054,1007.0808127809054,6.0,11.068474704281488,4.4882591147672795,1160.3666741842574,4230000,-1.8287878984084818,-25.376762774272628,32.00300250117092,4.569086700472237,32.32752267598593,0,0,0,0,0,0,0,1,2
442,1954,3,20,18,19801.75,30.49028330939376,21.65444371977484,453,124,1000.7846254858364,1006.7846254858364,6.0,12.052074170529904,5.561097578579138,916.4825214740747,2638750,-0.29618729506895763,-4.044298747657991,21.247460283245584,19.92744359726843,29.13001161706622,0,0,0,0,0,0,0,1,1
442,1954,3,20,21,19801.875,31.308456275959873,21.69510946079689,452,127,1002.1766689630166,1010.1766689630166,8.0,12.008878240984338,5.8562214400929955,1299.091693380681,5301875,1.392043477180123,18.559509111803035,1.2877885812259655,30.325560999959983,30.35289194446272,0,0,0,0,0,0,0,1,1
442,1954,3,21,0,19802.0,31.88377803311818,21.651252414703254,451,129,1002.3948987715121,1010.3948987715121,8.0,11.023830065930486,10.337127029683034,1402.3402816646292,6178125,0.2182298084955255,2.8624504749565487,-1.3802978496308809,21.32428686141212,21.36891275431413,0,0,0,0,0,0,0,1,1
442,1954,3,21,3,19802.125,32.69626293927435,21.692771430131693,450,132,1001.1511139451843,1007.1511139451843,6.0,11.80894196406009,6.261179808188317,475.3945931439391,710000,-1.2437848263277556,-15.952288846028475,1.2950562439559397,30.11473317994875,30.14256666534082,0,0,0,0,0,0,0,1,1
442,1954,3,21,6,19802.25,32.97992343580286,22.303416803437116,452,134,1001.3879568889565,1009.3879568889565,8.0,11.791840512505084,9.71148660744344,675.7038870650922,1434375,0.23684294377220794,3.0144405797572658,18.986388779276403,10.513869367815866,21.703096736671696,0,0,0,0,0,0,0,1,1
442,1954,3,21,9,19802.375,32.78336772344529,22.73703406796535,454,134,1001.9060112443506,1009.9060112443506,8.0,11.63471051741158,10.336834651106619,1057.4792758723122,3513125,0.5180543553939788,6.62866720265745,13.512114959817515,-7.285332672389899,15.35100396829849,0,0,0,0,0,0,0,1,1
442,1954,3,21,12,19802.5,32.68367637975334,22.952819240300315,455,134,1001.8764456524668,1007.8764456524668,6.0,9.614066978003216,6.1079889965865,1273.0260044607198,5091250,-0.029565591883729214,-0.37932633342286054,6.731693527140496,-3.6950572163080895,7.679137033230735,0,0,0,0,0,0,0,1,1
442,1954,3,21,15,19802.625,32.275552862911454,23.809071188060653,459,134,1001.1767069987778,1005.1767069987778,4.0,8.667823886005927,4.245828030134144,470.9800440935147,696875,-0.6997386536889826,-9.078665695619645,26.833201235521813,-15.127088172384072,30.803400544762773,0,0,0,0,0,0,0,1,1
442,1954,3,21,18,19802.75,33.23492906160902,24.717440911083393,461,139,1002.543315875392,1006.543315875392,4.0,9.039875868465588,2.321462047980094,489.6193756707014,753125,1.366608876614191,17.27532638458013,28.16143519799316,35.559255346237286,45.35997214714393,0,0,0,0,0,0,0,1,1
442,1954,3,21,21,19802.875,33.03044542387037,25.670699347714237,465,140,1003.5821238964629,1007.5821238964629,4.0,8.92508465350678,2.9203525670772796,516.318244572981,837500,1.0388080210708721,13.203588988672585,29.621997235545145,-7.579181032787339,30.576244134137983,0,0,0,0,0,0,0,1,1
442,1954,3,22,0,19803.0,35.42239774197375,27.604688554445858,468,152,1003.0285657959649,1007.0285657959649,4.0,10.913967315386774,1.9168655984346699,494.47121384861646,768125,-0.5535581004979031,-6.616916012078882,58.413851122117805,88.65765418292895,106.17135982993136,0,0,0,0,0,0,0,1,1
442,1954,3,22,3,19803.125,35.65549048269845,27.1692987406259,466,152,1002.0263726901482,1006.0263726901482,4.0,11.742111509028852,2.222843170727501,455.73808348098737,652500,-1.0021931058168412,-11.911607948380883,-13.112471550043988,8.639576735420802,15.70284039013125,0,0,0,0,0,0,0,1,1
442,1954,3,22,6,19803.25,36.220945994562896,27.17514774458357,465,154,1002.9957693702975,1010.9957693702975,8.0,11.932021924663607,3.370890141612399,1258.8825782564265,4978750,0.9693966801493662,11.366001024834738,0.17489667932280123,20.958594720843067,20.959324452877507,0,0,0,0,0,0,0,1,1
442,1954,3,22,9,19803.375,36.56061442101818,27.067143500152742,464,155,1004.3594235705651,1006.3594235705651,2.0,11.399400606397792,5.195054474877615,206.81608002267828,134375,1.3636542002676288,15.860506489094357,-3.2154583603346687,12.58980192105589,12.993932617897814,0,0,0,0,0,0,0,1,1
442,1954,3,22,12,19803.5,37.96230235564592,29.253288277158862,469,164,1003.1726939098819,1009.1726939098819,6.0,11.989753383335772,10.553858153912223,478.5229089327537,719375,-1.1867296606831952,-13.365844981602184,63.88338319120933,51.95352902316468,82.34230884494131,0,0,3,0,0,0,0,1,1
442,1954,3,22,15,19803.625,39.21880483261895,32.130150011989635,476,174,1003.2607422667559,1009.2607422667559,6.0,12.314698912082351,6.201045366847975,489.6193756707014,753125,0.0880483568739146,0.9647836835166878,82.60736512462522,46.572233585241044,94.83116425496104,0,0,0,1,0,1,1,1,2
442,1954,3,22,18,19803.75,39.00749417427805,31.991573668820156,476,173,1004.840920044903,1010.7545154054355,5.91359536053249,11.330778992748217,5.042122645266354,657.0447345019714,1356250,1.5801777781471902,17.393405666465952,-3.991253950615415,-7.832224384476475,8.790554414090789,0,0,0,0,0,2,1,2,0
442,1954,3,22,21,19803.875,37.782465883509175,27.990025449593414,465,161,1005.9894618460255,1009.9894618460255,4.0,9.647394320581098,10.825076758785727,390.1178210895074,478125,1.1485418011224828,12.988057453415518,-117.21251666936996,-45.40564364318498,125.69982712247155,0,0,1,0,0,0,0,1,1
442,1954,3,23,0,19804.0,38.39861533863693,29.505151400861372,469,166,1006.2474318467631,1008.2474318467631,2.0,8.57424322285764,5.076169791786233,258.9285997673121,210625,0.25797000073755044,2.877452269866335,44.01108874696804,22.837564488338632,49.58356869420073,0,0,0,0,0,0,0,1,1
442,1954,3,23,3,19804.125,39.00749417427805,31.991573668820156,476,173,1006.1072871626928,1008.1072871626928,2.0,8.86850151163947,5.2091495867716,336.7460422231796,356250,-0.1401446840702556,-1.5426070254517958,71.61132192212165,22.56807915484635,75.08328458567293,0,0,2,0,0,1,1,1,2
442,1954,3,23,6,19804.25,40.98746768496011,35.977680613944145,484,188,1006.123110559848,1010.123110559848,4.0,11.615957676307735,9.640278273154836,610.5902506532223,1171250,0.01582339715518174,0.16714243773645912,111.51605463733299,73.38766975948677,133.49749254051224,0,0,1,0,0,1,1,1,2
442,1954,3,23,9,19804.375,43.930731354204866,40.74115387782966,490,208,1005.8734295105893,1005.8734295105893,0.0,13.712086528062379,17.82866579363501,14.104739588693906,625,-0.24968104925865192,-2.4933272687587857,127.13576234030505,109.09199593242204,167.5248209739981,0,0,1,0,0,2,2,1,1
442,1954,3,23,12,19804.5,43.651399182413954,41.976623736093735,494,210,1005.9050716727747,1007.9050716727747,2.0,12.206201369658848,26.768853616557607,50.85536181410274,8125,0.03164216218545334,0.3175911983552023,33.13310719082954,-10.353440117251921,34.71305970928696,0,0,0,0,0,4,4,1,1
442,1954,3,23,15,19804.625,40.91397112719083,40.030259271889705,496,197,1005.1194594346791,1007.1194594346791,2.0,10.493422417380488,10.56615719873269,184.98192550829796,107500,-0.7856122380956367,-8.310692656490872,-54.51610037628334,-101.46270393176451,115.1810986637213,0,0,0,0,0,5,5,1,1
442,1954,3,23,18,19804.75,40.91397112719083,40.030259271889705,496,197,,,,10.493422417380488,,0.0,0,0.0,,0.0,0.0,0.0,0,3,0,0,0,5,5,0,0
449,1954,3,13,6,19794.25,68.26023505098836,-16.557071375636653,332,267,1003.3957190358706,1003.3957190358706,0.0,12.207824517724609,2.024536420186341,14.104739588693906,625,,,,,,3,0,0,0,0,7,7,1,1
449,1954,3,13,9,19794.375,68.8860649931662,-15.147923730817324,335,269,1003.359054177221,1003.359054177221,0.0,13.55497206981541,3.2064186650201014,14.104739588693906,625,-0.03666485864960123,-0.2723023513176938,18.814079622657587,23.19637150414465,29.8670594971449,0,0,0,0,0,8,8,1,1
449,1954,3,13,12,19794.5,69.55010030543058,-13.041890526661971,339,271,1003.8194420130317,1005.8194420130317,2.0,14.910608538653372,4.02804696203093,181.17866047827877,103125,0.46038783581068854,3.4041997725236763,27.27191968117391,24.612452612211303,36.735955502542026,0,0,0,0,0,5,5,1,1
449,1954,3,13,15,19794.625,70.26388255382336,-9.516020204968171,345,273,1003.6804939753675,1007.6804939753675,4.0,15.972406377049486,3.7414002966694526,265.379091712523,221250,-0.13894803766408587,-1.022738062143051,44.12511184402306,26.45632158340792,51.448638922446136,0,0,0,0,0,5,5,1,1
449,1954,3,13,18,19794.75,70.84520170836188,-7.083285999752563,349,275,1002.4565313748393,1008.4565313748393,6.0,17.352626183832268,4.98856921094557,330.48461340403304,343125,-1.2239626005283208,-8.976860826362643,29.584481868403536,21.546580248662636,36.59913506947885,0,0,0,0,0,5,5,1,1
449,1954,3,13,21,19794.875,71.16262935740168,-4.451174002886572,353,276,1002.2515530039705,1012.2515530039705,10.0,17.882293161342613,4.700497536639305,496.4788194007604,774375,-0.20497837086877552,-1.5005003125764391,31.4977221386487,11.765448049978394,33.623388701025675,0,0,0,0,0,7,7,1,1
449,1954,3,14,0,19795.0,71.43021628108873,-2.4292733234999675,356,277,1001.6390930117316,1011.6390930117316,10.0,17.892376438095503,5.103909140523829,494.0687138113427,766875,-0.6124599922388734,-4.47629914687169,23.864778590891284,9.918102783474978,25.843692074002064,0,0,0,0,0,10,10,1,2
449,1954,3,14,3,19795.125,71.43846623055063,-1.7357045889283886,357,277,1000.4322800671257,1010.4322800671257,10.0,18.343566274793456,6.204877752229149,485.3342309955121,740000,-1.2068129446059175,-8.819832442130283,8.1831173938556,0.3057841750792022,8.188828624617255,0,0,0,0,0,8,8,1,1
449,1954,3,14,6,19795.25,71.67091527333278,1.0544045035218386,361,278,998.8852523858632,1008.8852523858632,10.0,19.55749283978417,9.194148097450306,446.4768372744536,626250,-1.5470276812625525,-11.290958037304124,32.51857340013387,8.61571808691969,33.64057392692891,0,0,0,0,0,7,7,1,1
449,1954,3,14,9,19795.375,71.43021628108873,2.4292733234999675,363,277,998.793768938345,1008.793768938345,10.0,19.69990065056978,7.6389486824016775,421.021160832325,556875,-0.09148344751811237,-0.6686269850561769,16.228177183476223,-8.921502261998892,18.518826564044215,0,0,0,0,0,7,7,1,1
449,1954,3,14,12,19795.5,71.19248223438755,3.0848123304975923,364,276,1001.1168964532947,1009.1168964532947,8.0,17.681088759942412,5.224870120374253,436.56390637860187,598750,2.3231275149495922,17.002937972105315,7.833242375186276,-8.811606627950344,11.789999892881779,0,0,0,0,0,8,8,1,1
449,1954,3,14,15,19795.625,70.7839166119446,8.414681700306595,372,275,1000.6753965503411,1010.5332497439302,9.857853193589108,17.936285150923965,5.9173273687895565,548.0921045645088,943750,-0.44149990295351016,-3.239280764151427,64.99955518540611,-15.143474805677355,66.74029520080683,0,0,0,0,0,7,6,2,0
449,1954,3,14,18,19795.75,70.21725630846828,18.228849785537886,387,276,999.4852658464027,1011.4852658464027,12.0,17.26248555772893,10.604415567748656,627.1456394776626,1235625,-1.190130703938339,-8.762612717752845,122.9835921540798,-21.003250292477937,124.76417940246115,0,0,1,0,0,8,8,1,1
449,1954,3,14,21,19795.875,70.3600580962739,19.057704510128328,388,277,998.2037070214122,1010.2037070214122,12.0,18.034005002096837,10.57399820990162,605.5189511055405,1151875,-1.2815588249904977,-9.427351486441028,10.325661915647121,5.292944773252578,11.60321327774971,0,0,0,0,0,8,8,1,1
449,1954,3,15,0,19796.0,70.49861416938744,19.898391286176626,389,278,997.6236767543351,1009.6236767543351,12.0,17.950296428997166,9.613245934035367,644.0478013573622,1303125,-0.5800302670772362,-4.263128696541221,10.402060881402852,5.135577462006132,11.600733875435502,0,0,0,0,0,8,8,1,2
449,1954,3,15,3,19796.125,70.63283815424268,20.75079558959862,390,279,995.2772509226481,1009.2772509226481,14.0,19.7604137857813,9.918093648766371,684.3342896917427,1471250,-2.346425831686938,-17.231601818443757,10.47724588559361,4.975008716639265,11.598422008093381,0,0,0,0,0,7,7,1,2
449,1954,3,15,6,19796.25,70.46716053294881,21.98524558121003,392,279,993.2800611330873,1007.2800611330873,14.0,20.8108958427003,9.192418940134521,677.4681299819595,1441875,-1.9971897895607982,-14.681878684981449,15.297740874776895,-6.140836982138553,16.484257784717524,0,0,0,0,0,6,6,1,2
449,1954,3,15,9,19796.375,69.7845066056528,23.282356213489727,395,277,992.5391874121748,1008.5391874121748,16.0,21.208474734716884,7.769981472065046,792.6311486784107,1973750,-0.7408737209124956,-5.469869785064041,16.61291859896482,-25.302551123100017,30.268930567711195,0,0,0,0,0,8,8,1,2
449,1954,3,15,12,19796.5,69.40769079834963,25.584534544037,399,277,991.0943856888449,1007.0943856888449,16.0,21.23294517616507,7.330571253378585,809.2728778497085,2057500,-1.4448017233298742,-10.693096608941127,30.01022151265582,-13.966668683861798,33.10107595476975,0,0,0,0,0,6,6,1,1
449,1954,3,15,15,19796.625,68.68997423272508,28.054676622620864,404,276,989.9780619205333,1003.9780619205333,14.0,20.790796270893345,6.283583625472238,761.0026604261211,1819375,-1.116323768311704,-8.301726480718399,33.270430275382346,-26.602146955402524,42.59807217874901,0,0,0,0,0,8,8,1,1
449,1954,3,15,18,19796.75,67.85001743801499,29.564138112533197,408,274,988.2311465578028,1002.2311465578028,14.0,21.441995533629107,6.010503542663355,745.5525727595905,1746250,-1.7469153627303604,-13.067354432750237,21.093742420913156,-31.13297805746227,37.60596085790468,0,0,0,0,0,5,5,1,1
449,1954,3,15,21,19796.875,65.80791312474985,32.4302081923213,417,269,986.2367910081608,1000.2367910081608,14.0,22.029854934106783,4.813966926498178,713.789017548554,1600625,-1.9943555496420595,-15.147613645971749,43.52929973541098,-75.69054643801826,87.31471099156802,0,0,0,0,0,4,4,1,1
449,1954,3,16,0,19797.0,66.30454664351018,39.980146357980445,427,279,983.3417679940278,997.3417679940278,14.0,21.16756543928633,4.892349184640043,728.1379705625002,1665625,-2.8950230141330393,-21.90392985017573,112.391808532391,18.407709229261215,113.88925491129822,0,0,0,0,0,2,2,1,1
449,1954,3,16,3,19797.125,66.67577850121894,41.472531949625875,428,282,981.0270870602873,997.0270870602873,16.0,22.554494969220073,4.666593530892278,784.3046952876003,1932500,-2.3146809337404557,-17.46373209849504,21.900645755757722,13.759699728683154,25.864408385708575,0,0,0,0,0,2,2,1,1
449,1954,3,16,6,19797.25,66.87352909115651,43.419827527199985,430,285,979.2849340746318,997.2229321819516,17.93799810731987,23.669532969351483,4.644368527452607,837.8975132521418,2205625,-1.742152985655557,-13.124688069623765,28.34702066903819,7.329620780675579,29.279291685411202,0,0,0,1,0,5,4,2,0
449,1954,3,16,9,19797.375,64.88551625342272,41.35551048722844,433,276,977.7726320798096,999.7726320798096,22.0,24.58937273899837,4.876487050999422,959.9516240426254,2895000,-1.5123019948221919,-11.571486072403811,-32.47320978208995,-73.6856472200835,80.52380989368437,0,0,1,0,0,4,4,1,1
449,1954,3,16,12,19797.5,64.74956000000792,42.46323826184002,435,277,978.7979795606076,1000.7979795606076,22.0,23.025829648559082,6.553741903242116,1019.6468338340518,3266250,1.025347480798082,7.854277233838917,17.514079931999667,-5.039215208442922,18.22461757572641,0,0,0,0,0,3,3,1,1
449,1954,3,16,15,19797.625,64.43697533174357,43.21008939175393,437,277,978.0117084500462,1000.0117084500462,22.0,23.238610467608822,7.022844524844259,1012.9913600742087,3223750,-0.7862711105615017,-6.0385528531191355,11.94482389010363,-11.585943085955723,16.640699953926084,0,0,0,0,0,2,2,1,1
449,1954,3,16,18,19797.75,64.28503668028897,44.28828779396431,439,278,977.0934684307786,1001.0934684307786,24.0,24.329181633827787,6.909275271487932,1061.4226554072388,3539375,-0.9182400192675414,-7.061053857850641,17.33968643288432,-5.631602400989182,18.231282763250086,0,0,0,0,0,3,3,1,1
449,1954,3,16,21,19797.875,63.96165245060247,45.0,441,278,976.4846073426097,998.4846073426097,22.0,24.644772605197954,8.155889410559466,988.5400096021594,3070000,-0.6088610881689237,-4.694837238216093,11.5798596145698,-11.986228565998934,16.6662180451809,0,0,0,0,0,3,3,1,1
449,1954,3,17,0,19798.0,63.63601949678302,45.0,442,277,977.343498085127,999.343498085127,22.0,23.713552181603944,9.968175237051328,1031.1905563632386,3340625,0.8588907425172511,6.641326649291558,0.0,-12.069577471001748,12.069577471001748,0,0,0,0,0,2,2,1,1
449,1954,3,17,3,19798.125,63.628123662537305,46.38871658955133,444,279,977.4799816189931,997.4799816189931,20.0,23.6859534317328,8.216662778585087,959.6407085287073,2893125,0.13648353386612144,1.055423709359276,22.86351130679038,-0.2926589032498215,22.86538428518932,0,0,0,0,0,4,4,1,1
449,1954,3,17,6,19798.25,63.77455196248749,47.444068057635405,445,281,977.8312165865589,985.8312165865589,8.0,23.12322748443641,9.79969247691748,418.17639068008134,549375,0.35123496756583333,2.7126628190742035,17.285587763455435,5.427361357216178,18.117610097082995,0,0,0,0,0,4,4,1,1
449,1954,3,17,9,19798.375,63.758685483248485,48.1411298356361,446,282,979.0058122663307,987.0058122663307,8.0,22.281480355970473,12.602004961485292,424.7845533095999,566875,1.1745956797718826,9.07289183000906,11.423656657388213,-0.5880906650296579,11.438784116163092,0,0,0,0,0,5,5,1,1
449,1954,3,17,12,19798.5,63.71509830772645,49.532261708701455,448,284,981.5800939975331,989.5800939975331,8.0,19.707417753051764,12.06265755005028,486.76680405308986,744375,2.5742817312023543,19.89190747489446,22.83312324010815,-1.6155575949387297,22.890206273437798,0,0,0,0,0,5,5,1,1
449,1954,3,17,15,19798.625,63.214665111153096,49.792034046931946,450,283,982.1982219655001,992.1982219655001,10.0,20.194316659376963,10.283108540508328,537.6478079474099,908125,0.6181279679670115,4.797256031868379,4.339051441822025,-18.54854419449215,19.04930075225351,0,0,0,0,0,4,4,1,1
449,1954,3,17,18,19798.75,62.972476219041944,51.4524628880025,453,285,982.6253068166174,992.6253068166174,10.0,20.380264348650787,5.409129698899342,519.0084211099401,846250,0.4270848511172517,3.32169892101286,27.96584212095894,-8.976725364142457,29.37124314355182,0,0,0,0,0,4,4,1,1
449,1954,3,17,21,19798.875,62.75141190134792,52.41691371913839,455,286,982.3208281406385,996.3208281406385,14.0,20.69290506566948,4.058376430571516,674.8200359515754,1430625,-0.30447867597889855,-2.3728039383449993,16.366841623344115,-8.193743529905039,18.30330401204903,0,0,0,0,0,6,6,1,1
449,1954,3,18,0,19799.0,62.79549271118361,54.1301764822787,457,289,983.2308977800285,997.2308977800285,14.0,19.576641318821235,5.761708225486873,687.5246766356312,1485000,0.9100696393899852,7.089370679075947,29.03023943254677,1.6338541387042296,29.07618064425853,0,0,0,0,0,9,9,1,1
449,1954,3,18,3,19799.125,63.58276490802679,56.51383118448702,457,295,984.1631895292575,998.1631895292575,14.0,18.24482787787873,7.93338720276799,702.6935398469274,1551250,0.9322917492290435,7.212221525322812,39.305093488214894,29.180224725759025,48.95279245521252,0,0,0,0,0,8,8,1,1
449,1954,3,18,6,19799.25,63.95765864517035,57.757532160876686,457,298,985.0115905271028,999.0115905271028,14.0,17.631046764129174,9.374010087139832,728.8207067373983,1668750,0.8484009978453105,6.542116641595796,20.238213997628765,13.895427200394115,24.549301474691077,0,0,0,0,0,9,9,1,1
449,1954,3,18,9,19799.375,64.00362168664412,58.86546668748062,458,300,986.6478748225713,998.6478748225713,12.0,16.068922293225633,7.38205337036983,700.8508708115886,1543125,1.6362842954685037,12.612634362488759,17.99939966322192,1.7036190083456462,18.079842531448936,0,0,0,0,0,9,9,1,1
449,1954,3,18,12,19799.5,63.724998616927266,59.79676224505735,460,301,989.2956016010174,999.2956016010174,10.0,13.971218117573208,7.668719089205334,690.1240230585346,1496250,2.6477267784460854,20.45768408133033,15.280491048052603,-10.327157266215677,18.4429819679673,0,0,0,0,0,8,8,1,2
449,1954,3,18,15,19799.625,63.52567570519628,60.04280074605385,461,301,991.0003549991783,999.0003549991783,8.0,13.533787221955794,12.546389624637449,602.8848159359432,1141875,1.7047533981608285,13.194532929322811,4.065401068320639,-7.387898849502419,8.432587696358798,0,0,0,0,0,11,11,1,2
449,1954,3,18,18,19799.75,63.6616960543144,61.56607589850972,462,304,991.9814926380757,997.674551618957,5.6930589808813234,12.889362129679602,8.659724001250797,519.7744856170725,848750,0.9811376388974895,7.584910319662702,25.04910871502605,5.041590914118807,25.551428264629738,0,0,0,0,0,13,15,2,0
449,1954,3,18,21,19799.875,63.6735545738693,62.66518620157924,463,306,992.6004450621865,994.6004450621865,2.0,12.269586692383658,9.6778346509338,174.46599343804792,95625,0.6189524241107575,4.784464032935326,18.066686559753336,0.439535737340418,18.07203239574263,0,0,0,2,0,14,14,1,1
449,1954,3,19,0,19800.0,63.67553147350739,63.764863292896294,464,308,994.3350889513417,996.3350889513417,2.0,11.341683060061243,9.631437213621103,238.11540999374174,178125,1.734643889155268,13.408461283068279,18.074742461881268,0.07327373674687926,18.074890984562828,0,0,0,0,0,12,12,1,1
449,1954,3,19,3,19800.125,64.4796685293716,68.99889035437755,465,319,995.039670040648,995.039670040648,0.0,11.469852388569807,2.6783663558401893,14.104739588693906,625,0.7045810893063026,5.409247998352367,83.55721918604448,29.80532031299712,88.71395604449752,0,0,0,0,0,10,10,1,1
449,1954,3,19,6,19800.25,64.50409443536742,72.20699383308255,467,325,994.9454027179087,996.9454027179087,2.0,12.660193450084513,1.1431706521902378,277.472888262447,241875,-0.0942673227393243,-0.7235669830051967,51.17821563787774,0.9053456084775336,51.18622281969928,0,0,0,0,0,9,9,1,1
449,1954,3,19,9,19800.375,64.77011562669605,74.16025077623705,467,329,994.5275751908176,996.5275751908176,2.0,12.921185001871201,2.1954305414459667,249.13937425834396,195000,-0.4178275270911399,-3.200064668305276,30.85826277504076,9.860068951895176,32.39526726590774,0,0,0,0,0,8,8,1,1
449,1954,3,19,12,19800.5,64.78245648148773,76.27480548231706,468,333,994.6547559447744,998.6547559447744,4.0,13.231701575751847,2.788809405646607,400.68385148886324,504375,0.1271807539567817,0.9739553256379994,33.39100449596769,0.4574134810973691,33.394137334903924,0,0,0,0,0,10,10,1,1
449,1954,3,19,15,19800.625,66.96068696083944,79.56978003437085,460,341,994.83568945679,998.83568945679,4.0,10.111542208540849,3.7807426003814175,403.15875983611977,510625,0.18093351201561744,1.3621977483458159,47.790817262423225,80.73605945548539,93.82043226829646,0,0,0,0,0,12,12,1,1
449,1954,3,19,18,19800.75,67.5935082329584,82.1959014080561,458,346,993.3425158904366,999.3425158904366,6.0,10.517485795597308,4.551626781607775,506.59386665817544,806250,-1.4931735663533618,-11.189808566214182,37.099714989022644,23.45550497746116,43.8924773282896,0,0,0,0,0,13,13,1,1
449,1954,3,19,21,19800.875,69.16501629828875,88.45184230102204,452,357,992.7310202129306,994.7310202129306,2.0,9.163469644201939,5.363107944534204,303.8253889873249,290000,-0.6114956775060273,-4.532984141736133,82.43743796762206,58.247908015246374,100.93933805419043,0,0,0,0,0,15,15,1,1
449,1954,3,20,0,19801.0,70.0677262639321,92.26475454822342,448,363,992.1880397461438,995.7739912796592,3.585951533515472,8.70112655877626,12.72648699914862,448.92086907395213,633125,-0.5429804667868302,-4.001589233624878,48.17129793077877,33.45892280367543,58.65128693829457,0,0,0,0,0,13,15,2,0
449,1954,3,20,3,19801.125,68.5027528879222,104.25465071822667,452,383,989.1566757429504,995.1566757429504,6.0,15.40204648263694,2.9069782941790616,477.898884008814,717500,-2.6173155367089205,-19.489046008105472,59.436452683331844,55.661746761320984,81.43047316637286,0,0,0,0,2,16,16,1,1
449,1954,3,20,6,19801.25,68.26023505098836,106.55707137563665,452,387,986.5157133297334,992.5157133297334,6.0,17.22762221262797,4.9887154638332865,421.7293550432469,558750,-2.640962413216912,-19.698140104264667,31.607067597516007,-8.988917695951965,32.8604224479623,0,0,0,0,0,14,14,1,1
449,1954,3,20,9,19801.375,69.5125325888916,116.42427558931891,441,400,987.2228466965665,993.2228466965665,6.0,15.674107496480502,2.3654131722378224,455.73808348098737,652500,0.7071333668331499,5.229965425314702,127.8667888558812,46.41637762143796,136.03086342374817,0,0,0,0,0,14,14,1,1
449,1954,3,20,12,19801.5,70.41745793775718,118.4791078109965,436,401,985.6146378424864,991.6146378424864,6.0,15.545115519396308,3.0746224759686447,410.97832467938497,530625,-1.6082088540801487,-11.82601921550207,25.525687692737225,33.5410359286362,42.149280223429926,0,0,0,0,0,14,14,1,1
449,1954,3,20,15,19801.625,71.2115032546522,119.7874171313795,432,401,984.0175936558709,992.0175936558709,8.0,15.465405011941325,4.222938870504513,481.42433037557686,728125,-1.5970441866155307,-11.687423411910213,15.617933241773052,29.431270254865993,33.3184559600147,0,0,0,0,0,16,16,1,1
449,1954,3,20,18,19801.75,71.7546236433852,122.41703750592308,428,403,984.1421464074867,992.1421464074867,8.0,14.491810768906905,3.600146118909689,500.2710745306043,786250,0.12455275161584722,0.9086075716954721,30.513193218323988,20.130743928110206,36.55546212918008,0,0,0,0,0,15,15,1,1
449,1954,3,20,21,19801.875,72.12457403828165,125.78897345918334,424,406,984.7083745012709,990.7083745012709,6.0,13.900030975178815,2.9248321899105942,400.93202980407324,505000,0.566228093784157,4.121924511291853,38.35762519927796,13.712202340878521,40.73489786369272,0,0,0,0,0,16,16,1,1
449,1954,3,21,0,19802.0,71.93445017690438,128.93821121127138,422,410,986.2209741077443,992.2209741077443,6.0,12.844957052814346,2.667218883387759,444.01935290602523,619375,1.512599606473377,11.023005644663012,36.193311656809605,-7.046936273075446,36.87295919130626,0,0,0,0,0,15,15,1,1
449,1954,3,21,3,19802.125,72.16169014519224,131.42366562500266,419,412,986.4831940156729,992.4831940156729,6.0,12.284762819375922,2.606354987628365,464.60078730925875,678125,0.2622199079286656,1.9084625672673001,28.21829914322961,8.422643868160174,29.44848614558394,0,0,0,0,0,20,20,1,1
449,1954,3,21,6,19802.25,72.19029178791722,133.46565850029924,417,414,986.8527299896202,990.8527299896202,4.0,11.873787747622682,3.1599131507294804,371.0377686630964,432500,0.3695359739473497,2.689087923988285,23.148081571560766,1.0601191882392216,23.172344144192753,0,0,0,0,0,15,15,1,1
449,1954,3,21,9,19802.375,72.16169014519224,138.57633437499737,412,419,988.5131509992444,994.5131509992444,6.0,11.41607119552925,2.794791326097402,534.8654131720258,898750,1.660421009624115,12.084709234334168,58.010117542989676,-1.0601191882392216,58.01980342990444,0,0,0,0,0,15,15,1,2
449,1954,3,21,12,19802.5,72.45844257866928,139.67741785888174,410,419,989.7104514505813,991.7104514505813,2.0,11.103250179480375,3.2736641934004727,195.44100476116796,120000,1.1973004513369232,8.699688608114469,12.300350440378296,10.999121690691544,16.500887822258406,0,0,0,0,0,17,17,1,1
449,1954,3,21,15,19802.625,72.74831572292432,140.81562652949123,408,419,989.6646707222994,991.6646707222994,2.0,10.847441384958552,3.7183785312760302,177.8539989415875,99375,-0.04578072828182485,-0.3321198543508814,12.511396780047372,10.744141003888398,16.491561942375736,0,0,0,0,0,14,14,1,1
449,1954,3,21,18,19802.75,73.20884287670455,141.51980175165698,406,418,990.5415370806868,994.5415370806868,4.0,10.271118903961877,4.559087975454094,285.5992092681567,256250,0.8768663583873422,6.3456613544049265,7.539898617058424,17.069427694140607,18.660531422256277,0,0,0,0,0,16,16,1,1
449,1954,3,21,21,19802.875,73.48681639552062,142.7403411588379,404,418,991.5036379276441,995.5036379276441,4.0,9.990907670091508,4.399564606645509,279.615567867552,245625,0.962100846957328,6.95238580965994,12.858401895813511,10.303081677960922,16.47701403097644,0,0,0,0,0,15,15,1,1
449,1954,3,22,0,19803.0,73.93937629562481,143.53076560994813,402,417,993.0889789482039,995.0889789482039,2.0,9.01055455195708,4.215190426517292,168.07737027574956,88750,1.5853410205597174,11.429670409028718,8.105098979605145,16.77412163145141,18.62964803682352,0,0,0,0,0,20,20,1,1
449,1954,3,22,3,19803.125,74.51903397913762,145.04202363552952,399,416,994.3233360352964,996.3233360352964,2.0,7.657851964744416,3.6845893357227752,182.81831978578631,105000,1.2343570870925031,8.873826475871233,14.950953635837044,21.484997865720143,26.175105499518967,0,0,0,0,0,19,19,1,1
449,1954,3,22,6,19803.25,74.51903397913762,145.04202363552952,399,416,,,,7.657851964744416,,0.0,0,0.0,,0.0,0.0,0.0,0,3,0,0,0,19,19,0,0
454,1954,3,18,21,19799.875,49.815504167068816,128.99099404250546,496,470,1002.6960108688224,1004.6960108688224,2.0,21.694794894595503,9.041898457967255,130.80197392386228,53750,,,,,,3,0,0,0,0,24,24,1,1
454,1954,3,19,0,19800.0,50.217797382924246,129.86883471710368,493,471,1004.4118147072018,1018.4118147072018,14.0,20.39071008817863,9.477412874055954,839.7948211176116,2215625,1.7158038383792154,15.468719835704388,20.819454778513,14.910988208882571,25.60834369185135,0,0,2,0,0,21,21,1,4
454,1954,3,19,3,19800.125,50.765029227752784,130.5107800607252,490,471,1004.4817721875288,1018.0038503488041,13.522078161275276,19.36910611846359,6.486416657824666,858.1896638609356,2313750,0.06995748032713892,0.62574949449773,15.049512509546874,20.283134947758544,25.25655142896575,0,0,0,0,0,17,23,2,0
454,1954,3,19,6,19800.25,49.48141620057816,132.02330053188825,491,478,1003.3278642912569,1016.9237370331089,13.595872741852071,18.20876259647225,6.384703954572761,886.8057073298683,2470625,-1.1539078962719942,-10.516387886848454,36.42226773400464,-47.57708546556073,59.917949299728086,0,0,0,0,0,18,21,2,0
454,1954,3,19,9,19800.375,47.15460802084291,135.6510603802295,490,493,999.8105028709499,1017.8105028709499,18.0,19.593329879579358,10.586730725694215,950.7891862878782,2840000,-3.5173614203069885,-33.236882321466524,91.42952181873144,-86.24308828720706,125.6870229471479,0,0,1,0,0,17,17,1,1
454,1954,3,19,12,19800.5,45.07502370716962,136.86767883943418,493,502,1000.2248170864856,1018.2248170864856,18.0,18.89119447887685,10.811871267778187,960.055240171595,2895625,0.41431421553570547,4.054128642555671,31.84414672127807,-77.07974173669209,83.39865866188399,0,0,0,1,0,18,18,1,2
454,1954,3,19,15,19800.625,45.74959144137153,137.31584676667663,490,501,998.1865066266644,1018.1865066266644,20.0,20.970229044740538,15.043577793717708,976.0846674770885,2993125,-2.038310459821223,-19.715048016804204,11.591299561674324,25.00283657378917,27.55902868869077,0,0,0,0,0,20,20,1,2
454,1954,3,19,18,19800.75,45.734457972688055,137.73631899022598,489,502,996.9101282241555,1018.9101282241555,22.0,21.196617797316005,14.716835505019265,1081.6597318030729,3675625,-1.2763784025088534,-12.348628612628424,10.877934919471116,-0.5609216467120127,10.892387305177833,0,0,0,0,0,22,22,1,2
454,1954,3,19,21,19800.875,46.23984209015099,137.97924851512838,487,501,996.5114677691669,1018.5114677691669,22.0,21.475185257716028,13.962132158207242,1079.5425284769487,3661250,-0.39866045498856695,-3.8242072962143903,6.227656491478958,18.732049956205316,19.740146933030452,0,0,0,0,0,22,22,1,3
454,1954,3,20,0,19801.0,46.23984209015099,137.97924851512838,487,501,999.1549688168799,1009.1549688168799,10.0,19.16246120296266,14.015123307434408,601.8940431778061,1138125,2.6435010477129253,25.35816098063721,0.0,0.0,0.0,0,0,0,0,0,19,19,1,3
454,1954,3,20,3,19801.125,46.77683887222381,137.36802510071092,487,498,998.9445670737291,1002.9445670737291,4.0,19.012603672641845,15.495108444124273,190.8053805118479,114375,-0.21040174315072363,-2.0004423552100117,-15.515037181201851,19.90377259698381,25.236413024170442,0,0,1,2,0,19,19,1,1
454,1954,3,20,6,19801.25,45.74959144137153,137.31584676667663,490,501,999.7698380686481,1017.7698380686481,18.0,16.135426957734282,8.978966526908334,1175.6112185047598,4341875,0.8252709949189739,7.982227247722797,-1.3495287012738537,-38.07490090647711,38.09880978132537,0,0,2,0,0,18,18,1,3
454,1954,3,20,9,19801.375,45.062559923145656,137.28231952330512,492,503,1000.8163823824679,1016.9177902418273,16.101407859359462,14.930847076830265,7.620432542767085,1145.7876490996364,4124375,1.0465443138197588,10.242820459843088,-0.877752044750693,-25.464806423875146,25.47992964781294,0,0,0,0,0,18,19,2,0
454,1954,3,20,12,19801.5,44.50442874747385,138.2821845198391,491,507,1002.7067147732254,1017.023110826352,14.316396053126518,12.695987900450277,6.826236902468591,1142.8321187942988,4103125,1.8903323907575396,18.683697905741905,26.430868730027484,-20.687118378955866,33.56408331310239,0,0,0,0,0,19,20,2,0
454,1954,3,20,15,19801.625,47.62895251759047,144.0296373219651,468,509,995.7124745720726,1009.7124745720726,14.0,17.459674156334458,10.044870869506486,805.0829185504707,2036250,-1.3106362542793795,-12.29074676112456,-17.124786992708252,-3.1474884386344097,17.41163441544093,0,0,0,0,2,21,21,1,1
454,1954,3,20,18,19801.75,47.62895251759047,144.0296373219651,468,509,994.8147994135667,1006.8147994135667,12.0,17.055823988684526,8.845476525567065,684.9154654140623,1473750,-0.897675158505881,-8.418123648665896,0.0,0.0,0.0,0,0,0,0,0,20,20,1,1
454,1954,3,20,21,19801.875,47.48685632398556,143.77940611116767,469,509,995.2348704033665,1007.2348704033665,12.0,16.170617555841066,9.14832456391996,750.4728874959072,1769375,0.4200709897998604,3.948241755059019,-6.26753911362057,-5.266791941456266,8.186644238963385,0,0,0,1,0,21,21,1,2
454,1954,3,21,0,19802.0,48.524225182323036,147.40741852740075,457,512,993.3332214642343,999.3332214642343,6.0,17.062010457605794,10.206055963472828,286.6421800279766,258125,-1.901648939132283,-17.58459759550266,89.05302580296959,38.450051368728104,96.99921574385122,0,0,0,2,0,27,27,1,1
454,1954,3,21,3,19802.125,48.72648387986974,147.23611150941633,457,511,993.4816786552484,1003.4816786552484,10.0,15.072602507677088,9.457127123937752,611.2415471057446,1173750,0.14845719101416763,1.3685256009184854,-4.188468039371657,7.496713678976657,8.587431542748599,0,0,0,0,0,25,25,1,2
454,1954,3,21,6,19802.25,48.46449903260077,146.70446488830635,459,511,993.7998145447933,997.7998145447933,4.0,13.13582780791452,7.571110075336619,267.6186174229157,225000,0.31813588954493754,2.944525796983974,-13.066354565079257,-9.710461958019483,16.279517592929807,0,0,0,2,0,21,21,1,1
454,1954,3,21,9,19802.375,48.19856487038086,146.17921989581788,461,511,995.2016449770593,997.2016449770593,2.0,11.88928779378478,6.958037372377148,183.3616146530208,105625,1.401830432265997,13.02843236760808,-12.976520905208163,-9.856843220108605,16.295626808107304,0,0,0,0,0,20,20,1,1
454,1954,3,21,12,19802.5,48.72648387986974,147.23611150941633,457,511,996.3120439610327,996.3120439610327,0.0,10.313339146619485,6.7797775567238565,14.104739588693906,625,1.1103989839734276,10.23601097677034,25.840869082194118,19.56730517812809,32.41342232559059,0,0,0,3,0,21,21,1,1
454,1954,3,21,15,19802.625,48.72648387986974,147.23611150941633,457,511,,,,10.313339146619485,,0.0,0,0.0,,0.0,0.0,0.0,0,3,0,0,0,21,21,0,0
455,1954,3,20,3,19801.125,51.688623715098004,86.75386631300721,527,350,,,,9.447904497519493,,0.0,0,,,,,,0,0,0,0,0,13,13,0,0
455,1954,3,20,6,19801.25,54.570798523736144,87.97430562187733,515,354,1006.2140382584253,1008.2140382584253,2.0,10.177667378951353,9.821998881360706,106.48844864724786,35625,,,26.222564337433166,106.82773880777086,109.99903935586043,3,0,0,3,0,11,11,1,1
455,1954,3,20,9,19801.375,55.05548499776107,88.69380790608125,513,356,1005.7323434675799,1007.7323434675799,2.0,11.751527724143081,15.080550371679562,99.73557010035817,31250,-0.4816947908453585,-4.071307139582001,15.275098682404217,17.96489230827078,23.581051617876454,0,0,0,0,0,12,12,1,1
455,1954,3,20,12,19801.5,55.96112206288272,92.87196248699276,509,367,1004.5348943229222,1006.5348943229222,2.0,12.617597323490767,5.620954204363734,212.50932944773342,141875,-1.1974491446577304,-10.01157486900959,86.67230753589253,33.567415674265035,92.9454694358215,0,0,0,0,0,13,13,1,1
455,1954,3,20,15,19801.625,56.517265421445174,96.03954198916355,506,375,1003.6589765560913,1005.6589765560913,2.0,13.137745626875311,2.972999250907524,222.12166116452389,155000,-0.8759177668309712,-7.275967858861923,64.76561194978515,20.613439986403264,67.96689193499436,0,0,0,0,0,15,15,1,1
455,1954,3,20,18,19801.75,57.194870982206936,99.36449228685369,502,383,1002.7112540164072,1004.7112540164072,2.0,14.025261815631977,5.665325742329879,196.456289539899,121250,-0.9477225396840367,-7.811865447471635,66.76234095961829,25.115433540949724,71.33018416041128,0,0,0,0,0,14,14,1,1
455,1954,3,20,21,19801.875,58.15516472502468,103.3924977537511,496,392,1002.0525824257311,1004.0525824257311,2.0,13.335659121366897,3.4132056957967865,219.41825422078801,151250,-0.6586715906760946,-5.372004314196875,78.7609674587978,35.59326409661635,86.43014777320055,0,0,0,0,0,14,14,1,1
455,1954,3,21,0,19802.0,58.78956655568917,107.11803641712875,491,400,1001.1565456374757,1003.1565456374757,2.0,14.524925169587183,4.420017118815886,189.234939151512,112500,-0.896036788255442,-7.258439548611346,71.54508123293142,23.514088341303655,75.31009891873326,0,0,0,0,0,14,14,1,1
455,1954,3,21,3,19802.125,59.2275436084697,110.03721016919299,487,406,999.5849023933231,1001.5849023933231,2.0,14.459656352479772,4.343406685190566,182.81831978578631,105000,-1.5716432441525103,-12.672938073674404,55.35347420048881,16.233608751977503,57.68480873831915,0,0,0,0,0,19,19,1,1
455,1954,3,21,6,19802.25,59.2275436084697,110.03721016919299,487,406,,,,14.459656352479772,,0.0,0,0.0,,0.0,0.0,0.0,0,3,0,0,0,19,19,0,0
456,1954,3,18,12,19799.5,44.770427566210486,179.27108538924207,362,556,996.8428425297955,998.8428425297955,2.0,8.220711052899524,9.108709368058335,125.36566766991936,49375,,,,,,3,0,0,0,0,21,21,1,1
456,1954,3,18,15,19799.625,45.50417139554748,-179.85194921965567,359,553,994.6493134219567,996.6493134219567,2.0,10.24962004679544,11.277137557155438,102.68405416537693,33125,-2.19352910783884,-21.305459118790168,-22.781044802247013,27.196197093007825,35.47688174859387,0,0,0,0,0,24,24,1,1
456,1954,3,18,18,19799.75,46.71263468637926,-179.2401535743895,357,548,993.4606095425023,995.4606095425023,2.0,10.925047146956345,14.445575817579812,90.31439992304459,25625,-1.1887038794542604,-11.31379422326329,15.548068978051907,44.7916623255607,47.413452340378186,0,0,0,0,0,27,27,1,1
456,1954,3,18,21,19799.875,47.669434909339394,-178.60281897270363,355,544,991.9639887752026,995.9639887752026,4.0,12.972259837045314,16.34535584135585,155.79194081053757,76250,-1.4966207672997554,-14.025816406291709,15.907707868788089,35.46377686851662,38.86817000346989,0,0,0,0,0,30,30,1,1
456,1954,3,19,0,19800.0,48.625254397971474,-178.25468525022362,354,540,989.3479646036973,997.3479646036973,8.0,15.710187960045186,21.258101129397108,284.55241573039183,254375,-2.616024171505269,-24.152834623218595,8.52900806385479,35.42742597462796,36.43962801320897,0,0,0,0,0,27,27,1,1
456,1954,3,19,3,19800.125,49.57625154131258,-177.89091026274224,353,536,986.3210124359128,994.3210124359128,8.0,18.059671300049796,20.598329711633923,233.04854500749258,170625,-3.026952167784475,-27.547848600648194,8.74304893546718,35.24868586433312,36.31681098128539,0,0,0,0,0,24,24,1,1
456,1954,3,19,6,19800.25,50.51136218543917,-177.1790114064845,351,532,985.4833536331614,995.4833536331614,10.0,20.05013309062096,17.400602003329187,296.19953136257203,275625,-0.8376588027513935,-7.519877038017687,16.77978441908456,34.659853159400775,38.50800678017725,0,0,0,0,0,22,22,1,1
456,1954,3,19,9,19800.375,51.67444844425248,-176.41301783112542,349,527,985.4337952297521,997.4337952297521,12.0,20.777915402339104,9.040583595892022,402.17062413500395,508125,-0.049558403409318996,-0.43766824198883225,17.60633088433529,43.109763743346555,46.56645377539346,0,0,0,0,0,18,18,1,1
456,1954,3,19,12,19800.5,52.671814657324795,-177.72338501802918,353,523,984.5795799751015,996.5795799751015,12.0,21.882677897433002,12.375089984821752,345.2061176167894,374375,-0.8542152546506259,-7.442606701368993,-29.45068188465264,36.96735430011254,47.26444697043494,0,0,0,0,0,19,19,1,1
456,1954,3,19,15,19800.625,53.831947816871086,-176.93029617727368,351,518,983.9325452732248,997.9325452732248,14.0,22.4230444174857,8.317279368708697,437.92888284027794,602500,-0.6470347018766915,-5.552887635387864,17.348017199687668,43.00030719122343,46.3678780978841,0,0,0,0,0,21,21,1,1
456,1954,3,19,18,19800.75,54.52536842905311,-176.50395995814264,350,515,985.1987285024245,997.1987285024245,12.0,21.42426710339476,8.8042033849359,375.5676614342511,443125,1.2661832291996689,10.771943032665336,9.170639328263823,25.701618035134945,27.28871186613749,0,0,0,0,0,23,23,1,1
456,1954,3,19,21,19800.875,54.9804231770482,-176.0868404750126,349,513,986.9999344274413,996.9999344274413,10.0,20.343372033641064,8.491220843442425,354.02615395598616,393750,1.8012059250168386,15.237839946263627,8.87210549542983,16.866593107524306,19.057707600255142,0,0,0,0,0,23,23,1,1
456,1954,3,20,0,19801.0,56.329936191881394,-174.77054922650882,346,507,986.9144597001657,998.9144597001657,12.0,21.201134240545752,11.371190976405341,485.3342309955121,740000,-0.0854747272755776,-0.7115537608422668,27.048294836757304,50.019666896751346,56.86455249132023,0,0,0,0,0,20,20,1,1
456,1954,3,20,3,19801.125,57.39470156747106,-172.99873244250466,342,502,987.589688449759,997.589688449759,10.0,20.252500951872953,10.823515648979956,433.13264616000913,589375,0.6752287495932251,5.553309270153123,35.386456755121614,39.465502610786224,53.00686010323632,0,0,0,0,0,20,20,1,1
456,1954,3,20,6,19801.25,58.457521577028224,-171.52018207314995,339,497,989.1450379493468,1005.1450379493468,16.0,19.271138196202614,12.86220931622236,808.2889590933619,2052500,1.555349499587901,12.643878102785267,28.668249747871062,39.39339766635931,48.72071759843273,0,0,2,0,0,17,17,1,2
456,1954,3,20,9,19801.375,59.952087583526435,-169.79177364118618,336,490,990.1626393707318,1006.1626393707318,16.0,18.839712549228818,10.324899364723606,840.3868513787478,2218750,1.0176014213848976,8.14474647980144,32.07718002851716,55.396052486006674,64.01303077978973,0,0,0,0,0,16,16,1,2
456,1954,3,20,12,19801.5,63.265294069316845,-167.5500034921934,334,475,994.0022883751517,1006.7486705255866,12.746382150434947,15.303069521905853,5.9022975594320455,817.4667071551573,2099375,3.8396490044199165,29.786022525393367,37.37749055713796,122.80391738191348,128.36619073842135,0,0,0,0,0,16,15,2,0
456,1954,3,20,15,19801.625,65.11364536550718,-165.0183674276091,331,466,995.1376164712649,1005.6415652439091,10.503948772644216,13.80085088139219,14.653490551197464,768.805352418625,1856875,1.135328096113226,8.670929333980858,39.484993045637104,68.50909559775344,79.07313611737005,0,0,0,0,0,18,17,2,0
456,1954,3,20,18,19801.75,65.05331366651144,-164.51751828595167,330,466,996.9964452449811,1004.125242216324,7.128796971342817,11.699317082296032,13.386158103879717,682.7335055352041,1464375,1.858828773716232,14.203523124719963,7.829789788038625,-2.236192948057582,8.142859880030873,0,0,0,0,0,17,16,2,0
456,1954,3,20,21,19801.875,73.65704474610216,-160.31968691030963,335,428,989.1727469199843,1003.1727469199843,14.0,19.162567029279323,5.764417315502142,640.6409364833199,1289375,-0.9524952963396208,-6.876946749399094,-30.93603339912966,76.08816781738484,82.13676061471249,0,0,0,0,2,17,17,1,1
456,1954,3,21,0,19802.0,74.00277379464607,-159.0202467972649,334,426,989.3419666013676,997.3419666013676,8.0,19.671429256825366,5.888588328094119,346.930721777772,378125,0.1692196813832561,1.2196180028720363,13.27321507835535,12.814438730577397,18.449609169193852,0,0,0,0,0,19,19,1,1
456,1954,3,21,3,19802.125,74.47973498306098,-154.732689499661,330,422,989.2765453367891,1001.2765453367891,12.0,19.889397712919095,4.591265995124486,507.18258721320063,808125,-0.06542126457847189,-0.47040471377936577,42.51399331277527,17.67855478603272,46.04314201617284,0,0,0,0,0,21,21,1,1
456,1954,3,21,6,19802.25,75.38883348418669,-152.05696557661707,329,417,989.2797837558959,1001.2797837558959,12.0,20.208051867820718,5.158672700442694,482.0437914901168,730000,0.0032384191067831125,0.02318626906254559,25.015715641583544,33.695713715117016,41.96650035244412,0,0,0,0,0,16,16,1,1
456,1954,3,21,9,19802.375,76.17992963420461,-150.31281836080632,329,413,989.0592024436977,1001.0592024436977,12.0,20.663729872527693,5.7373061965592935,475.18530649802983,709375,-0.22058131219819188,-1.5737924056440715,15.441847034560245,29.32195945667846,33.13952241988186,0,0,0,0,0,14,14,1,1
456,1954,3,21,12,19802.5,77.07272176027139,-149.2067661177604,330,409,989.3111937292645,999.3111937292645,10.0,20.977627700726252,6.125431140684014,404.8821944524756,515000,0.2519912855667644,1.7912463436685955,9.171205933729457,33.091318322278624,34.33870071195541,0,0,0,0,0,16,16,1,1
456,1954,3,21,15,19802.625,77.9591183002542,-147.93805631718644,331,405,989.1788518376823,1001.1788518376823,12.0,21.67875429984837,7.352709182672987,463.0996499851074,673750,-0.13234189158218215,-0.9375178485569343,9.80961009270067,32.854266080459844,34.287479491156375,0,0,0,0,0,13,13,1,1
456,1954,3,21,18,19802.75,78.7702957157961,-148.0552472237966,333,402,989.3371155322824,1001.3371155322824,12.0,21.900154605052283,7.697964801013223,446.2539888266928,625625,0.1582636946000275,1.117885716623239,-0.8459002782816328,30.06627107230086,30.078168220054103,0,0,0,0,0,15,15,1,1
456,1954,3,21,21,19802.875,79.27095747160506,-147.80426606528675,334,400,989.7366933119814,1001.7366933119814,12.0,22.140087188045452,8.229734646426369,433.13264616000913,589375,0.39957777969902963,2.817611984021464,1.7318160396633067,18.55701573697163,18.637650599188937,0,0,0,0,0,14,14,1,1
456,1954,3,22,0,19803.0,79.64874696227537,-146.48199135474812,334,398,991.7767336885404,1001.7767336885404,10.0,19.955216725458264,8.002313356537634,420.075044668377,554375,2.0400403765590456,14.367652182082413,8.806052904701287,14.002758234056499,16.541578096476616,0,0,0,0,0,18,18,1,1
456,1954,3,22,3,19803.125,80.02047185913416,-145.060689795323,334,396,993.1691199966871,1003.1691199966871,10.0,18.52842202363976,7.970447711467932,449.80631543540153,635625,1.3923863081466699,9.794935285636178,9.129109650986232,13.777974212723523,16.52795257816903,0,0,0,0,0,17,17,1,1
456,1954,3,22,6,19803.25,80.3332238558174,-145.3888578154696,335,395,994.8404664358595,1002.8404664358595,8.0,16.50562633477258,7.787370971939307,413.15091245942784,536250,1.6713464391724846,11.746212212276527,-2.0424718078200077,11.592145109710193,11.770705982663804,0,0,0,0,0,15,15,1,1
456,1954,3,22,9,19803.375,80.69952627562932,-143.82037955202108,335,393,996.7796489461092,1002.7796489461092,6.0,14.776120739126021,6.493039283713296,351.48829934307025,388125,1.939182510249666,13.61401519902844,9.395125116746181,13.576990233570713,16.51069470863626,0,0,0,0,0,14,14,1,1
456,1954,3,22,12,19803.5,81.01326732717796,-144.1301764822787,336,392,999.6987164836785,1003.6987164836785,4.0,11.691519509975807,5.367463537330041,314.1274657157109,310000,2.919067537569208,20.475236129257883,-1.7936484936358084,11.628804404112056,11.766319169044241,0,0,0,0,0,12,12,1,1
456,1954,3,22,15,19803.625,81.19425569114568,-143.2758928270752,336,391,1000.7240980623544,1004.7240980623544,4.0,10.337668653136946,4.667741720775375,343.1831258788849,370000,1.0253815786760243,7.188785907921689,4.8472372468476195,6.7083292849702,8.276315044922812,0,0,0,0,0,13,13,1,1
456,1954,3,22,18,19803.75,81.234340691881,-141.22582906442577,335,390,1001.5841090548361,1003.5841090548361,2.0,9.431212550674562,4.578235863386653,224.7925586661551,158750,0.8600109924815479,6.028747324405652,11.579103051022042,1.4857495721037237,11.674034403632463,0,0,0,0,0,12,12,1,1
456,1954,3,22,21,19803.875,81.50834039152137,-143.58362148011395,337,390,1002.8967377907246,1004.8967377907246,2.0,7.882660393560266,3.4515802441891714,243.48555665938588,186250,1.3126287358885746,9.194959596338572,-12.903816419391573,10.155792167380332,16.420980261007053,0,0,0,0,0,11,11,1,1
456,1954,3,23,0,19804.0,81.50834039152137,-143.58362148011395,337,390,,,,7.882660393560266,,0.0,0,0.0,,0.0,0.0,0.0,0,3,0,0,0,11,11,0,0
459,1954,3,20,12,19801.5,59.03599326405203,170.08925519984535,383,494,1002.4173262676544,1006.4173262676544,4.0,8.951807841982996,5.0235998419065435,331.9861414142728,346250,,,,,,3,0,0,0,0,18,18,1,1
459,1954,3,20,15,19801.625,59.608683162687115,171.20510303455666,380,492,1000.3705864543351,1006.3705864543351,6.0,10.955779605530116,8.063946462107925,339.1009383412178,361250,-2.046739813319291,-16.43912363391588,20.923333585388722,21.226737089602846,29.805372935036004,0,0,0,0,0,19,19,1,1
459,1954,3,20,18,19801.75,59.9678604658971,172.8481723383556,376,491,997.9709892482368,1005.9709892482368,8.0,13.368273442100802,13.907885613311082,331.38634663094945,345000,-2.39959720609826,-19.20299973887022,30.47895889090825,13.312897960941404,33.259587898711445,0,0,0,0,0,18,18,1,1
459,1954,3,20,21,19801.875,60.48372120493549,173.61125252036402,374,489,996.6659495693427,1006.6659495693427,10.0,15.4044660637468,14.784761078947849,351.20518347003207,387500,-1.3050396788940999,-10.39004416548375,13.934401064614415,19.12036567872721,23.65916136970575,0,0,0,0,0,19,19,1,1
459,1954,3,21,0,19802.0,60.969883030093726,173.9559078377589,373,487,996.3491195050358,1008.3491195050358,12.0,15.854815652884044,22.358680564375245,401.6756447177361,506875,-0.31683006430699606,-2.510466110202539,6.199133761946687,18.019576161951754,19.056085234247018,0,0,0,0,0,26,26,1,1
459,1954,3,21,3,19802.125,61.47639985530146,174.76441033820157,371,485,995.4239417617938,1007.4239417617938,12.0,16.407317897968206,28.546573136773805,366.7232293060416,422500,-0.9251777432419476,-7.295321991915487,14.309831191513064,18.77403374106952,23.605838507462874,0,0,0,0,0,24,24,1,1
459,1954,3,21,6,19802.25,61.97630495551639,175.6012946450045,369,483,996.1482818689917,1008.1482818689917,12.0,15.72295726958892,30.07061672746066,390.1178210895074,478125,0.7243401071979315,5.6849123133663,14.57380803141218,18.528970315879878,23.57368493687849,0,0,0,0,0,19,19,1,1
459,1954,3,21,9,19802.375,62.22368928730926,176.03073654328048,368,482,998.2508634529586,1008.2508634529586,10.0,13.74722372451039,23.41622787031818,383.4310611845868,461875,2.1025815839668214,16.4642235955658,7.417758635077043,9.16929420890743,11.794028126885376,0,0,0,0,0,18,18,1,1
459,1954,3,21,12,19802.5,62.251928735737636,176.96266417704751,366,482,1000.3394479592099,1008.3394479592099,8.0,12.183676020114358,14.58152763463717,375.83242541597855,443750,2.0885845062513546,16.350377163107265,16.082030639162543,1.0466944654918253,16.11605655186944,0,0,0,0,0,20,20,1,1
459,1954,3,21,15,19802.625,62.747581881968785,178.81146139079118,362,480,1001.9324356354564,1005.9324356354564,4.0,10.569070695768533,8.367899059805787,240.60883306661233,181875,1.592987676246412,12.414588831574944,31.37759071588417,18.371371745439085,36.3601498751402,0,0,0,0,0,18,18,1,1
459,1954,3,21,18,19802.75,64.36596666498842,-179.74759731771084,359,473,1002.9334032584576,1006.9334032584576,4.0,9.176696405524615,6.179823900594492,260.07854739300495,212500,1.0009676230011975,7.691985302820388,-23.105142697195223,59.985392410179486,64.28137305363796,0,0,0,0,0,20,20,1,1
459,1954,3,21,21,19802.875,64.819512794192,-178.71555647819923,357,471,1004.16199725952,1006.16199725952,2.0,8.592230675220112,5.369012254048284,149.9354384784672,70625,1.2285940010624472,9.405759388106157,16.275182835218086,16.810676188904825,23.39829930247045,0,0,0,0,0,19,19,1,1
459,1954,3,22,0,19803.0,65.25355644076808,-177.12454631601477,354,469,1003.268406641536,1003.268406641536,0.0,9.691630287662612,5.49987168724052,14.104739588693906,625,-0.8935906179840094,-6.816987061286134,24.684701518168097,16.087817147188236,29.464425153096304,0,0,0,0,0,23,23,1,1
459,1954,3,22,3,19803.125,65.25355644076808,-177.12454631601477,354,469,,,,9.691630287662612,,0.0,0,0.0,,0.0,0.0,0.0,0,3,0,0,0,23,23,0,0
464,1954,3,20,18,19801.75,39.15625552360812,-163.7136686270543,298,570,1011.130381704738,1013.130381704738,2.0,7.649286450913516,4.808390319578175,200.96160531198103,126875,,,,,,3,0,0,0,0,23,23,1,1
464,1954,3,20,21,19801.875,39.7292152089005,-162.98462688662391,296,567,1010.4153423274439,1014.4153423274439,4.0,8.80183957173215,6.076027159345903,313.8106451956502,309375,-0.7150393772941607,-7.7507004764547,20.781787576251904,21.23673672545853,29.713324984102623,0,0,0,0,0,25,25,1,1
464,1954,3,21,0,19802.0,40.441079906182736,-162.74972857721176,296,564,1009.4318611389848,1013.4318611389848,4.0,9.522825475016484,6.260598362123345,278.90317035875347,244375,-0.9834811884591181,-10.504266075608893,6.626283877474469,26.385247598383124,27.204575513190065,0,0,0,0,0,31,31,1,1
464,1954,3,21,3,19802.125,41.780079164671285,-161.99910180921742,295,558,1008.0222979336484,1014.0222979336484,6.0,10.546378541479221,7.224546850811022,455.3013434827462,651250,-1.4095632053364533,-14.657260369499594,20.74698595277924,49.629974774917834,53.791930828738614,0,0,0,0,0,28,28,1,1
464,1954,3,21,6,19802.25,42.48205934968411,-161.74107452348073,295,555,1008.0869329111742,1014.0869329111742,6.0,11.408914607398263,5.573795596798445,398.19356104198965,498125,0.06463497752585681,0.6630607584336865,7.053174675388051,26.01887839281146,26.9579173123861,0,0,0,0,0,24,24,1,1
464,1954,3,21,9,19802.375,43.95518852787875,-161.47439337375866,296,549,1008.2993736161357,1014.2993736161357,6.0,12.159568357234958,5.651322343182619,387.302896792822,471250,0.21244070496148196,2.120503962105864,7.115701020566721,54.601496969103955,55.063206156935344,0,0,0,0,0,22,22,1,1
464,1954,3,21,12,19802.5,45.188567709828945,-161.28601549589644,297,544,1008.775519829625,1014.775519829625,6.0,12.219248294505165,6.67984854620656,556.0202127225293,971250,0.4761462134892645,4.64998258971296,4.920899425374697,45.71516922062602,45.979255627131735,0,0,0,0,0,24,24,1,1
464,1954,3,21,15,19802.625,45.03016662231667,-160.73070560153118,295,544,1007.7899684430713,1011.7899684430713,4.0,12.908039281302045,5.692612834343672,298.54106607209235,280000,-0.9855513865537069,-9.651311905194424,14.546365695748056,-5.87113243544847,15.686521317010056,0,0,0,0,0,20,20,1,1
464,1954,3,21,18,19802.75,46.256385340300255,-160.51823482267457,296,539,1008.6798530697955,1012.6798530697955,4.0,13.413559351705821,5.743741857021014,278.54628835670917,243750,0.8898846267242334,8.533985952913646,5.445184718131903,45.449766798789895,45.774789335167476,0,0,0,0,0,22,22,1,1
464,1954,3,21,21,19802.875,47.021507953246896,-160.50055614903343,297,536,1009.8173060054547,1013.8173060054547,4.0,13.833078703496662,5.590685886535357,283.150671167388,251875,1.1374529356592393,10.77146122442228,0.4467060501733077,28.359250940231373,28.362768909016545,0,0,0,0,0,21,21,1,1
464,1954,3,22,0,19803.0,46.71263468637925,-160.31550915833827,296,537,1009.2514278604265,1011.2514278604265,2.0,14.244119037846795,5.583570797456778,187.12051592547775,110000,-0.565878145028255,-5.385890463511324,4.70276305121335,-11.448380083937591,12.376646834347193,0,0,0,0,0,25,25,1,1
464,1954,3,22,3,19803.125,47.24914074100949,-160.39789625603825,297,535,1008.45013118281,1012.45013118281,4.0,15.46560376629248,5.782531964844748,254.66770370415514,203750,-0.801296677616483,-7.5601974904203075,-2.0728709159434437,19.885583796323843,19.993329806582533,0,0,0,0,0,23,23,1,1
464,1954,3,22,6,19803.25,47.7845221054337,-160.48227017415218,298,533,1008.4931695985454,1012.4931695985454,4.0,16.360391726719676,5.601726403687862,215.29950574842135,145625,0.04303841573535465,0.4026054368170728,-2.1013090219209882,19.84389718133803,19.954842894623898,0,0,0,0,0,21,21,1,1
464,1954,3,22,9,19803.375,48.091782487339394,-160.67297445232447,299,532,1008.6258577743373,1014.6258577743373,6.0,17.14604383142347,6.609995566500511,257.77352218733853,208750,0.13268817579199094,1.235247494303864,-4.7212939403611305,11.38859854226067,12.328454616377211,0,0,0,0,0,19,19,1,1
464,1954,3,22,12,19803.5,47.86444636973122,-160.77617463428618,299,533,1005.3634559942261,1013.3634559942261,8.0,19.86112484040438,9.5797777840872,283.50175706934715,252500,-3.2624017801112495,-30.479788976461556,-2.5662175144587906,-8.426207640366682,8.808316952181553,0,0,0,0,0,20,20,1,1
464,1954,3,22,15,19803.625,47.86444636973122,-160.77617463428618,299,533,1005.3236055846505,1013.3236055846505,8.0,19.512875749613908,9.05528600168771,282.44719015209296,250625,-0.039850409575592494,-0.3723122277257348,0.0,0.0,0.0,0,0,0,0,0,19,19,1,1
464,1954,3,22,18,19803.75,48.17085945913976,-160.96927598303333,300,532,1006.3781489588185,1016.3781489588185,10.0,18.771092606142343,7.721061101052474,357.66015365163463,401875,1.0545433741679882,9.80503146885039,-4.7732824987006355,11.357193666571849,12.319499737912311,0,0,0,0,0,19,19,1,1
464,1954,3,22,21,19803.875,48.625254397971474,-160.7623607251132,300,530,1007.6980076202286,1017.6980076202286,10.0,17.982228028634697,6.844038603853915,372.10858696078077,435000,1.3198586614101078,12.18579259407917,5.069267290233059,16.842137297017118,17.588492248950786,0,0,0,0,0,19,19,1,1
464,1954,3,23,0,19804.0,49.16032394424025,-161.86981308749907,304,529,1005.5923071500044,1017.5923071500044,12.0,18.065833806891547,4.893358674566625,409.2805609899154,526250,-2.10570047022411,-19.283414779828536,-26.842681183172353,19.832339649031272,33.37440979337272,0,0,0,0,0,18,18,1,1
464,1954,3,23,3,19804.125,49.991610723274285,-162.18668081225206,306,526,1005.6344059945358,1017.6344059945358,12.0,16.709750481703633,7.416913179114635,428.74696415384574,577500,0.04209884453128325,0.3807940854143812,-7.5506556977237,30.811624138426772,31.723312934075008,0,0,0,0,0,19,19,1,1
464,1954,3,23,6,19804.25,50.5916129722147,-162.61623192662177,308,524,1006.0134406073469,1016.0134406073469,10.0,15.826105357979399,7.706745354536761,366.7232293060416,422500,0.3790346128110832,3.3987712400555665,-10.107522582287181,22.239068685833452,24.42822524795167,0,0,0,0,0,17,17,1,1
464,1954,3,23,9,19804.375,51.11798596268325,-162.73636302155484,309,522,1006.4490218863607,1014.4490218863607,8.0,14.944843575448651,7.651567198578777,317.9046851862261,317500,0.4355812790138589,3.8767210145043918,-2.7950152977578733,19.510002020942625,19.709193016759613,0,0,0,0,0,15,15,1,1
464,1954,3,23,12,19804.5,52.075893317758826,-163.74669258062946,313,519,1008.3033701581674,1012.3033701581674,4.0,9.8295584311099,4.080687230013354,258.54414729132054,210000,1.8543482718066662,16.286619422001817,-23.015899229329513,35.50481269330377,42.31221267815281,0,0,0,0,0,21,21,1,1
464,1954,3,23,15,19804.625,52.825689377038195,-163.78901241746348,314,516,1007.5911327245949,1009.5911327245949,2.0,9.021542066002743,4.892229088730964,169.8435557664936,90625,-0.7122374335724453,-6.1929216860505845,-0.9478040212318559,27.791172603316422,27.807330097116274,0,0,0,0,0,26,26,1,1
464,1954,3,23,18,19804.75,53.50719748674857,-163.48928442291637,314,513,1008.3900303882916,1008.3900303882916,0.0,8.330865259545817,3.680529533226218,14.104739588693906,625,0.7988976636966981,6.884821470840061,6.607003931091125,25.260081422305237,26.109848992419387,0,0,0,0,0,20,20,1,1
464,1954,3,23,21,19804.875,53.50719748674857,-163.48928442291637,314,513,,,,8.330865259545817,,0.0,0,0.0,,0.0,0.0,0.0,0,3,0,0,0,20,20,0,0
483,1954,3,21,6,19802.25,47.98916166178836,159.38905625408705,424,531,996.0228253907516,998.0228253907516,2.0,14.846115507798896,7.418251269420725,156.42912932180792,76875,-2.5061465800576843,-23.36832662137309,40.15301405371862,27.909201964802634,48.89977599038945,2,0,0,2,0,22,22,1,1
483,1954,3,21,9,19802.375,48.916165110537555,159.94866800485275,421,528,995.4128186752711,997.4128186752711,2.0,14.828443248196605,6.587332800217119,143.1474726395179,64375,-0.6100067154804129,-5.60697453287027,13.63083342525255,34.35936016097315,36.964378130011205,0,0,0,0,0,21,21,1,1
483,1954,3,21,12,19802.5,49.755581659970126,160.2256456981242,419,525,993.4914247842212,995.4914247842212,2.0,16.558789927728,5.256961771563438,163.27416503504918,83750,-1.9213938910499564,-17.439915371789812,6.6324524259238755,31.112953879461294,31.812031124837485,0,0,0,0,0,23,23,1,1
483,1954,3,21,15,19802.625,50.28654831576914,160.31288380187414,418,523,990.9764675633129,1002.9764675633129,12.0,17.477958754005044,5.102558185658418,784.0509981451754,1931250,-2.5149572209082542,-22.65082166246014,2.066025711299426,19.680266114092543,19.788414200265,0,0,0,0,0,19,19,1,1
483,1954,3,21,18,19802.75,50.81648245835426,160.4023813187708,417,521,989.7177799601981,1001.7177799601981,12.0,17.607521799311176,5.05620041724731,748.2162203038249,1758750,-1.258687603114813,-11.250352109856026,2.0958425877498352,19.641996037066416,19.75349499386776,0,0,0,0,0,21,21,1,1
483,1954,3,21,21,19802.875,50.89028359735497,165.27347933420845,403,525,988.2840815623445,1002.2840815623445,14.0,21.95581586798899,6.134656970995348,775.3759072408909,1888750,-1.4336983978535864,-12.801197245032517,113.86980964835013,2.7354374124900755,113.9026609311176,0,0,0,0,0,20,20,1,1
483,1954,3,22,0,19803.0,52.101638631397606,165.16861414905756,402,520,984.5079735683632,1000.5079735683632,16.0,24.14206359216958,6.716659321567277,699.5723336493362,1537500,-3.776107993981277,-33.153705241836995,-2.3875314703318558,44.89884471696243,44.96227933990591,0,0,0,0,0,24,24,1,1
483,1954,3,22,3,19803.125,52.850417604868895,165.23853223301427,401,517,981.6985583022044,1001.6985583022044,20.0,25.355829971189713,8.089752009170262,874.3800992003947,2401875,-2.8094152661587577,-24.419943485150803,1.5650088226812833,27.753474342709147,27.79756447436511,0,0,0,0,0,22,22,1,1
483,1954,3,22,6,19803.25,53.36856105554248,165.40162729814705,400,515,979.8669457676822,997.8669457676822,18.0,26.70955653578575,8.970168770221207,613.1912858599694,1181250,-1.8316125345222827,-15.81300794783457,3.6069093427764454,19.20497432966927,19.5407480412154,0,0,0,0,0,20,20,1,1
483,1954,3,22,9,19803.375,53.88557015765245,165.56922411778737,399,513,978.5592076879203,998.5592076879203,20.0,27.650190833041417,10.531785785737448,625.398491082552,1228750,-1.3077380797619116,-11.215412333733225,3.6613343987937035,19.162929727895754,19.509568045860494,0,0,0,0,0,18,18,1,1
483,1954,3,22,12,19803.5,53.714514201016165,166.00739382714954,398,514,976.8596525351528,998.8596525351528,22.0,28.377111728886195,12.076765163358141,645.5904330315784,1309375,-1.699555152767425,-14.607594060547063,9.611406565492027,-6.340184850095237,11.514212092043485,0,0,0,0,0,19,19,1,1
483,1954,3,22,15,19803.625,54.055825832814065,166.62432425971537,396,513,976.5286212220069,996.5286212220069,20.0,27.873232725187098,11.426679934248968,528.5044229959445,877500,-0.33103131314594064,-2.8328587948690496,13.422524507983209,12.650707286900397,18.444634965925584,0,0,0,0,0,18,18,1,1
483,1954,3,22,18,19803.75,54.162212396371174,167.33294007499214,394,513,977.2567918542774,997.2567918542774,20.0,26.77428505113266,12.845359883936105,552.0703904584809,957500,0.728170632270485,6.22308122941066,15.377794241726606,3.943215376900155,15.875311122919822,0,0,0,0,0,18,18,1,1
483,1954,3,22,21,19803.875,54.493597145148044,167.96940390346214,392,512,978.5857987989559,998.5857987989559,20.0,26.10794691477193,13.396317655524474,598.247171558629,1124375,1.3290069446785493,11.310881645512813,13.701181960257127,12.282767610456297,18.400781702975273,0,0,0,0,0,18,18,1,1
483,1954,3,23,0,19804.0,54.58898461520107,168.6900675259798,390,512,981.9483102735933,995.9483102735933,14.0,22.61494252513659,12.582502890333636,401.6756447177361,506875,3.3625114746372855,28.58367333790476,15.477517199990348,3.5355342451188676,15.876194162153766,0,0,0,0,0,17,17,1,1
483,1954,3,23,3,19804.125,54.86580121134324,168.98127609600107,389,511,982.8815898394998,994.8815898394998,12.0,21.152650270708932,11.521159214359722,365.0921319878893,418750,0.9332795659065596,7.906456596385724,6.211664212532021,10.260200367341525,11.994018670455963,0,0,0,0,0,18,18,1,1
483,1954,3,23,6,19804.25,54.67851688578532,169.41437507789894,388,512,984.7581821733348,1004.7581821733348,20.0,19.628424880430643,11.281068392968372,1042.5110635570159,3414375,1.8765923338349966,15.93464959265506,9.281131689596172,-6.941688947362581,11.589928855759302,0,0,2,0,0,16,16,1,2
483,1954,3,23,9,19804.375,54.72107529685362,169.7778313663639,387,512,986.1263936056552,1006.1263936056552,20.0,18.936519720856648,10.422065637230116,1081.567765664931,3675000,1.368211432320386,11.61174228980083,7.780554688935951,1.5774264656162091,7.938847871193254,0,0,0,0,0,14,14,1,2
483,1954,3,23,12,19804.5,54.297459389963485,170.2672749670248,386,514,990.1622092084198,1006.5349907081968,16.372781499777048,14.52510407818402,6.385941748253391,1113.8279855531214,3897500,4.035815602764632,34.43222371177678,10.58677864668765,-15.701313230705896,18.9370303712779,0,0,0,0,0,20,22,2,0
483,1954,3,23,15,19804.625,53.870668232368075,170.74559313470414,385,516,989.7696462953044,1006.2215558449163,16.451909549611884,14.884455306792685,4.409826044214205,1100.6216700611471,3805625,-0.39256291311539826,-3.367333855253053,10.453086714655909,-15.819003820455979,18.96069365122797,0,0,0,0,0,27,29,2,0
483,1954,3,23,18,19804.75,52.62257219636644,176.32550047917036,370,523,986.4328595618995,1004.4328595618995,18.0,18.235806270139392,2.8061296086211223,1017.5961126555289,3253125,-3.3367867334048786,-29.091832766834628,125.52086517058218,-46.26064905618878,133.77419498644474,0,0,1,0,0,21,21,1,2
483,1954,3,23,21,19804.875,53.31558449008716,175.90169874391773,371,520,987.3813415816303,1005.3813415816303,18.0,18.455570215955053,2.66596374883542,1031.1905563632386,3340625,0.9484820197307272,8.194242956402645,-9.384176099539154,25.686483721351056,27.346996307353294,0,0,1,0,0,20,20,1,1
483,1954,3,24,0,19805.0,53.98554918021029,175.10090754621226,373,517,988.5295190514247,1004.5295190514247,16.0,17.360240923731038,1.441409354296993,1008.2669284467688,3193750,1.1481774697944638,9.834484448593253,-17.452196881636457,24.832224857561954,30.351582617252745,0,0,0,0,0,22,22,1,1
483,1954,3,24,3,19805.125,53.76947424048006,175.4907385265201,372,518,987.636102422538,1003.636102422538,16.0,17.979455116943395,2.565546425549619,966.251874467952,2933125,-0.8934166288867709,-7.673472033276118,8.539906168534907,-8.00881235767688,11.707735594377697,0,0,0,0,0,19,19,1,1
483,1954,3,24,6,19805.25,53.9646384111333,174.73997778432903,374,517,988.7234146785323,1002.7234146785323,14.0,17.358269461336132,1.4913450960820045,887.0300163526359,2471875,1.0873122559943296,9.31562769946352,-16.370072673695798,7.233755213144642,17.89710853254735,0,0,0,0,0,19,19,1,1
483,1954,3,24,9,19805.375,53.9646384111333,174.73997778432903,374,517,989.2153788307934,1003.2153788307934,14.0,17.28057848636126,2.3759127538761824,882.3075514797735,2445625,0.4919641522610618,4.214939046884188,0.0,0.0,0.0,0,0,0,0,0,17,17,1,1
483,1954,3,24,12,19805.5,55.41124562356667,171.86989764584405,381,510,987.9593244284854,993.9593244284854,6.0,18.921374830032146,3.8313974379047435,368.6170542239,426875,-1.2560544023079274,-10.570571962522047,-60.38543820296657,53.618460956672635,80.75481720817973,0,0,0,0,0,13,13,1,1
483,1954,3,24,15,19805.625,56.00035856127154,170.56917629320634,384,507,986.738511994097,994.738511994097,8.0,19.45951337149009,6.433750880636581,393.923938742745,487500,-1.2208124343883537,-10.202192553603544,-26.958715747064655,21.835456631151043,34.69235536860981,0,0,0,0,0,17,17,1,1
483,1954,3,24,18,19805.75,55.72964448215281,170.25635871296285,385,508,986.6545222814187,996.6545222814187,10.0,19.248867746948655,8.677032638363817,467.58860451522037,686875,-0.08398971267830348,-0.7041445026743599,-6.528883437087833,-10.034010723085437,11.971119000581082,0,0,0,0,0,13,13,1,1
483,1954,3,24,21,19805.875,55.96112206288271,170.19157899517293,385,507,988.0714579964128,998.0714579964128,10.0,18.275679187757998,7.217221229464194,471.824095028845,699375,1.4169357149940334,11.846647566223906,-1.3440052986852904,8.579710869706897,8.684341589934197,0,0,0,0,0,18,18,1,1
483,1954,3,25,0,19806.0,56.00035856127154,170.56917629320634,384,507,990.6235682084595,996.6235682084595,6.0,14.887074543232094,7.278971490795157,344.91784523447285,373750,2.5521102120466823,21.327698725777832,7.8261772120342155,1.4542998533785416,7.960153127779672,0,0,0,0,0,20,20,1,1
483,1954,3,25,3,19806.125,56.69432402819524,170.37700580845058,384,504,991.1803938502301,995.1803938502301,4.0,13.27674100092639,4.300448086804608,266.12769430462026,222500,0.5568256417705562,4.6159587278905265,-3.9111650675837777,25.721813062812657,26.01747257948334,0,0,0,0,0,19,19,1,1
483,1954,3,25,6,19806.25,57.156004671597685,170.24452400240827,384,502,992.4696671705594,996.4696671705594,4.0,11.791994557778082,3.4120743852663873,337.6310530587642,358125,1.2892733203293756,10.631843542997506,-2.663191091410401,17.11218175878277,17.318179792778036,0,0,0,0,0,22,22,1,1
483,1954,3,25,9,19806.375,57.57596898014104,169.71309771464763,385,500,993.6706468825936,997.6706468825936,4.0,10.510615567069207,3.646533359841996,438.83650844157603,605000,1.200979712034168,9.857363842203505,-10.561289865567664,15.565966827270385,18.810639725756918,0,0,0,0,0,22,22,1,1
483,1954,3,25,12,19806.5,57.84708898510042,170.03888790140846,384,499,995.6784634075282,997.6784634075282,2.0,8.870623669627264,3.7538796059822204,313.8106451956502,309375,2.0078165249346056,16.43049185078796,6.426290787554337,10.049056354443271,11.928149349374463,0,0,0,0,0,21,21,1,2
483,1954,3,25,15,19806.625,58.26511966753886,169.49360221209085,385,497,995.6957027173709,997.6957027173709,2.0,8.906963029364986,3.4067117703144323,310.30427095126595,302500,0.017239309842698277,0.1404335074057804,-10.630745308101904,15.494297022972628,18.790582376334935,0,0,0,0,0,21,21,1,1
483,1954,3,25,18,19806.75,58.494448011604426,169.4183644790562,385,496,996.5598863917288,998.5598863917288,2.0,8.268488256939095,3.291711797595781,315.07601583359167,311875,0.8641836743579188,7.022418072977108,-1.457314093238924,8.500049465296065,8.62407127050981,0,0,0,0,0,20,20,1,1
483,1954,3,25,21,19806.875,58.765865581411205,169.75097921624402,384,495,997.5891264568376,999.5891264568376,2.0,8.568516267710748,2.921125789787693,291.1185449201652,266250,1.0292400651087519,8.339557408985254,6.392696671397453,10.060085588236394,11.919391459933584,0,0,0,0,0,23,23,1,1
483,1954,3,26,0,19807.0,59.22411371003954,169.60076188761278,384,493,998.9006852165612,1000.9006852165612,2.0,7.824658627371878,2.194246536948194,273.5010479928565,235000,1.3115587597237026,10.576125050309516,-2.8489394459717388,16.98495568261149,17.22222910970267,0,0,0,0,0,23,23,1,1
483,1954,3,26,3,19807.125,59.22411371003954,169.60076188761278,384,493,,,,7.824658627371878,,0.0,0,0.0,,0.0,0.0,0.0,0,3,0,0,0,23,23,0,0
484,1954,3,21,6,19802.25,58.32022430300238,120.33029092452539,480,430,997.634043444829,997.634043444829,0.0,13.041652915394897,6.324865810992196,14.104739588693906,625,,,,,,3,0,0,0,0,17,17,1,1
484,1954,3,21,9,19802.375,58.48101576033852,121.45889291794853,478,432,996.8877895167487,998.8877895167487,2.0,13.767250891192898,7.601165101730439,220.774095676764,153125,-0.7462539280802594,-6.064984228547456,21.86851351377546,5.959731434521409,22.666060135669866,0,0,0,0,0,17,17,1,1
484,1954,3,21,12,19802.5,58.76417326885035,123.74776718372831,474,436,997.209803021214,999.209803021214,2.0,13.544511702755969,4.521286750175932,246.32868702971868,190625,0.3220135044652852,2.609204889791128,43.99112112845471,10.49522612927615,45.225750514977804,0,0,0,0,0,18,18,1,1
484,1954,3,21,15,19802.625,58.43739609854171,127.40535663140855,470,444,996.0643117138374,1000.0643117138374,4.0,12.811726079967183,3.829162769203904,446.2539888266928,625625,-1.145491307376651,-9.314033136017347,70.9518367517072,-12.111987827195087,71.978214673379,0,0,0,0,0,16,16,1,1
484,1954,3,21,18,19802.75,58.25677789981349,129.7793487693761,467,449,995.4792919441478,1001.4792919441478,6.0,13.192363638656365,5.268063106462651,557.2711034210017,975625,-0.5850197696895338,-4.766071143835197,46.29134806874975,-6.694609119418976,46.77292696939062,0,0,0,0,0,19,19,1,1
484,1954,3,21,21,19802.875,57.73017813614507,134.42991155500113,461,459,995.332428221085,1001.332428221085,6.0,12.315819290433595,6.311959728508663,533.189006917714,893125,-0.14686372306285192,-1.2033705249099365,92.013096952191,-19.51840736405074,94.06050306458249,0,0,0,0,0,18,18,1,1
484,1954,3,22,0,19803.0,57.21594051868037,136.96526057192054,458,465,995.4405828642646,1001.4405828642646,6.0,11.419783260291442,11.493418651440152,511.86797620581103,823125,0.10815464317958685,0.8912833888814936,50.88084309073389,-19.060204717286787,54.333705906083416,0,0,0,0,0,22,22,1,1
484,1954,3,22,3,19803.125,56.241352619346216,135.2728349830681,464,465,993.2941267362273,1001.2941267362273,8.0,14.722539971196575,7.296760689568982,555.6622981616415,970000,-2.1464561280372436,-17.88710501929838,-34.85775688209617,-36.123076658378665,50.199002800040006,0,0,0,0,0,21,21,1,1
484,1954,3,22,6,19803.25,56.241352619346216,135.2728349830681,464,465,993.0499866018614,997.0499866018614,4.0,14.601276888839214,11.561049183044451,264.25221149797227,219375,-0.24414013436587992,-2.0344977778890527,0.0,0.0,0.0,0,0,0,3,0,18,18,1,1
484,1954,3,22,9,19803.375,55.409698700894765,134.46703137734576,468,466,994.8128681462028,1000.8128681462028,6.0,14.19885066867519,11.402143076545908,506.7901828316588,806875,1.7628815443413623,14.836151312554941,-16.955584273626915,-30.825232151956012,35.180772806776815,0,0,2,0,0,16,16,1,2
484,1954,3,22,12,19803.5,55.235281182539,133.6739456232951,470,465,998.2792862336759,1002.2792862336759,4.0,12.604939591021274,12.190631024590038,444.01935290602523,619375,3.4664180874729937,29.234369886165297,-16.761569981458855,-6.464781053031748,17.965066721473118,0,0,0,0,0,17,17,1,2
484,1954,3,22,15,19803.625,54.548077209822175,132.65738799350174,474,465,999.0435875577843,1002.9943296826111,3.950742124826793,13.156011524769927,5.742319650976497,459.86642694738646,664375,0.7643013241085282,6.500391153249421,-21.854185676284057,-25.47119844536569,33.56169515707898,0,0,0,0,0,16,17,2,0
484,1954,3,22,18,19803.75,52.73852441189128,135.49605496039524,474,476,999.8391547184998,999.8391547184998,0.0,12.833371759850996,12.266611436291788,14.104739588693906,625,0.7955671607154363,6.925473375060355,63.69872643556544,-67.07103020846071,92.49892346799099,0,0,0,2,0,16,16,1,1
484,1954,3,22,21,19803.875,52.40309630794423,135.49179718794593,475,477,,,,12.683375789847375,,0.0,0,0.9813248561312503,,-0.09628283316169704,-12.432634470971957,12.433007289982653,0,2,2,0,0,16,17,0,0
485,1954,3,22,18,19803.75,56.42666161388137,142.70339827660038,449,477,999.192079238001,1001.192079238001,2.0,8.017147643762852,5.2358175411647245,217.59732436277534,148750,0.1977495553898916,1.644364133627616,12.546731762415853,10.611673129868738,16.432531288063714,2,0,0,2,0,17,17,1,1
485,1954,3,22,21,19803.875,56.38064702541492,143.24632081446853,448,478,999.991534118515,1003.991534118515,4.0,7.6954316073724875,3.9296457698882294,435.65154612038873,596250,0.7994548805139493,6.651324521129661,11.141757309830153,-1.7055295963687798,11.271538810439482,0,0,2,0,0,17,17,1,2
485,1954,3,23,0,19804.0,50.550087074969,135.7044208113801,480,483,1002.5651822702653,1004.5651822702653,2.0,12.802561998945832,10.248251351427607,428.74696415384574,577500,1.744702695634187,15.653927269391048,5.007542485912736,-68.68174191079007,68.86404833909053,0,0,0,0,2,16,16,1,1
485,1954,3,23,3,19804.125,51.073196267371024,140.00064459755845,469,490,1001.4675071242845,1003.4675071242845,2.0,11.154251137039358,5.026716459789241,352.3362819972964,390000,-1.0976751459807566,-9.775594055119601,100.04025443878027,19.38902942541241,101.90184968996098,0,0,0,0,0,16,16,1,2
485,1954,3,23,6,19804.25,52.03730287812673,142.8200259973643,460,492,1001.6938070817087,1005.6698460993445,3.976039017635776,8.869189281393426,7.758459604892269,516.1255525548603,836875,0.2262999574241985,1.9886217530498116,64.27915227490226,35.7345879535052,73.54434168164721,0,0,0,0,0,14,15,2,0
485,1954,3,23,9,19804.375,51.45105848497166,146.35701198644267,453,500,1002.0823569571648,1006.0823569571648,4.0,8.02527474213803,1.8923694884545694,522.4468656261615,857500,0.3885498754562286,3.442059430386668,81.69028359605582,-21.729134097554034,84.53080919187697,0,0,0,0,0,13,13,1,1
485,1954,3,23,12,19804.5,51.51315938358578,147.11154950897944,451,501,1002.8157005313167,1004.8157005313167,2.0,8.311456114258494,2.568830985254972,339.97981913709083,363125,0.7333435741518042,6.490892496353301,17.404709382243386,2.3017682886526023,17.55625375571331,0,0,0,0,0,19,19,1,1
485,1954,3,23,15,19804.625,51.44118650378213,147.5808711019216,450,502,1002.5869124410467,1004.5869124410467,2.0,8.557430256623762,2.325683610929482,334.3745617149374,351250,-0.22878809026995442,-2.027050832987807,10.842837131764485,-2.667673030054829,11.16618092551131,0,0,0,1,0,24,24,1,2
485,1954,3,23,18,19804.75,51.49197921886171,148.33683837791096,448,503,1001.2486708101669,1005.2486708101669,4.0,9.077132200464906,2.0134890265898138,477.898884008814,717500,-1.3382416308797838,-11.848384826798043,17.44579532622567,1.8826307424508117,17.547081611395623,0,0,0,0,0,18,18,1,2
485,1954,3,23,21,19804.875,51.08578903162484,148.69004961746552,448,505,1001.1765153021065,1004.5614584228742,3.3849431207677116,9.442490875746945,1.4120352078018914,430.8299576177624,583125,-0.07215550806038663,-0.6424831477586637,8.223664298291443,-15.055429357847899,17.155016981633732,0,0,0,0,0,18,19,2,0
485,1954,3,24,0,19805.0,48.32540726765991,145.30484646876604,463,509,998.920851320192,1002.920851320192,4.0,13.96913748295778,5.659963613125655,346.06949399889504,376250,-2.2556639819145494,-20.92248758060123,-83.41977541350855,-102.31348258501924,132.01101336144362,0,0,1,0,0,21,21,1,1
485,1954,3,24,3,19805.125,48.26326848465101,145.7426660641623,462,510,997.9111254870234,1003.9111254870234,6.0,13.956385897482656,8.385032524956987,446.2539888266928,625625,-1.0097258331686316,-9.374802217664667,10.802957638937063,-2.3031724728190146,11.045745660127245,0,0,0,0,0,18,18,1,1
485,1954,3,24,6,19805.25,47.998362982337525,146.35330550094574,461,512,997.0436914621989,1003.0436914621989,6.0,13.75482743006731,10.620810505902991,465.8836267154838,681875,-0.8674340248244699,-8.087136744869452,15.145098679309852,-9.818715965829222,18.049409885745924,0,0,0,0,0,18,18,1,1
485,1954,3,24,9,19805.375,49.488184127561034,148.86968643850503,451,511,997.1972149854798,1003.1972149854798,6.0,12.977569143015527,4.158071580581382,441.0974018624935,611250,0.15352352328089183,1.3990284357726563,60.585568323078796,55.22018431888026,81.97487325541624,0,0,0,0,0,16,16,1,1
485,1954,3,24,12,19805.5,49.939668261680026,149.2607115830266,449,510,996.8236701612367,1002.8236701612367,6.0,13.181999426898445,3.6117484904743464,470.768794904106,696250,-0.37354482424314484,-3.3813763578854723,9.32781278202098,16.734248391514218,19.158370508092023,0,0,0,0,0,14,14,1,1
485,1954,3,24,15,19805.625,50.06141030231984,149.5427744908945,448,510,996.1667071435294,1000.1667071435294,4.0,12.927321690495727,3.347262088940697,342.8931527591907,369375,-0.6569630177073122,-5.9363215039630735,6.711530862704279,4.512365759501275,8.087403246317793,0,0,0,0,0,18,18,1,1
485,1954,3,24,18,19805.75,48.27912660488842,150.5479395582888,449,518,995.4627357369033,999.4627357369033,4.0,13.764577052720897,2.8155548144495697,357.1034838143996,400625,-0.7039714066260785,-6.534411212296204,24.79405582525042,-66.06030166522696,70.55996499691891,0,0,0,0,0,14,14,1,1
485,1954,3,24,21,19805.875,47.99441936075066,151.82633263077219,446,521,995.7028647259414,999.7028647259414,4.0,13.760867244535698,3.952909392411748,349.7861668246681,384375,0.24012898903805763,2.2388749865419193,31.708888744403076,-10.552667042357175,33.4187433502785,0,0,0,0,0,19,19,1,1
485,1954,3,25,0,19806.0,47.99441936075066,151.82633263077219,446,521,,,,13.760867244535698,,0.0,0,0.0,,0.0,0.0,0.0,0,3,0,0,0,19,19,0,0
487,1954,3,22,0,19803.0,51.514571741039575,-12.510366840939518,323,195,990.8135169961175,994.8135169961175,4.0,15.717204386083091,8.855028361652657,172.1702882348331,93125,,,,,,3,0,0,0,0,2,2,1,1
487,1954,3,22,3,19803.125,52.87370397915722,-11.517024751147387,327,200,987.3429724042444,993.3429724042444,6.0,16.787825945388587,15.790478840942088,220.32307560268868,152500,-3.470544591873186,-30.157314829764132,22.222330639578733,50.37620317258222,55.059911234400325,0,0,0,0,0,2,2,1,1
487,1954,3,22,6,19803.25,53.198091238773515,-10.892230667534792,329,201,988.297560503168,996.297560503168,8.0,15.500816532962729,13.94134256393525,443.57107479789033,618125,0.9545880989237048,8.259630411806674,13.872748653907411,12.023405845821014,18.357980372247184,0,0,2,0,0,2,2,1,2
487,1954,3,22,9,19803.375,48.65986292326334,-11.9949580651829,322,183,989.2447444017981,997.2447444017981,8.0,19.86652751387585,5.513403604748674,472.45614366455555,701250,-0.25989294052822515,-2.398224917271056,28.986019004420058,53.296972946963216,60.66923951257284,0,0,0,0,2,2,2,1,1
487,1954,3,22,12,19803.5,52.1760967701786,-11.309932474020215,327,197,980.7048922412646,996.7048922412646,16.0,25.563067292393068,14.24905944367194,410.00903482827596,528125,-8.539852160533483,-74.90301036178298,15.570300674831284,130.32912155761937,131.2559110634084,0,0,0,0,0,1,1,1,1
487,1954,3,22,15,19803.625,52.1760967701786,-11.309932474020215,327,197,980.363302765181,998.363302765181,18.0,26.105642689848246,21.98742469075689,593.7408516756685,1107500,-0.34158947608360907,-2.996079977216869,0.0,0.0,0.0,0,0,0,0,0,2,2,1,1
487,1954,3,22,18,19803.75,52.033017087056805,-10.56675060096611,329,196,979.0732209051216,997.0732209051216,18.0,27.814804598787493,27.638358896033242,544.8155365501106,932500,-1.2900818600594357,-11.337318061575413,16.946436846828984,-5.303244956351837,17.75686145890186,0,0,0,0,0,3,3,1,1
487,1954,3,22,21,19803.875,52.11737912248838,-9.887988815577799,331,196,979.2938270204776,997.2938270204776,18.0,28.515069055173093,20.692344094626314,527.751030705594,875000,0.2206061153560586,1.93647709181599,15.448286025657275,3.126876780466503,15.761563993802723,0,0,0,0,0,1,1,1,1
487,1954,3,23,0,19804.0,52.13312511741041,-7.446297726428031,338,195,977.861602145089,997.861602145089,20.0,29.55121317761622,17.014238613250416,557.6279853681938,976875,-1.432224875388638,-12.5693610094451,55.54964422518314,0.5836249167667351,55.55271002919563,0,0,0,0,0,3,3,1,1
487,1954,3,23,3,19804.125,53.13360572772451,-6.927218126009166,340,199,978.517629141277,998.517629141277,20.0,28.393207449887004,12.9811873278697,613.515639908497,1182500,0.6560269961880113,5.681099923431247,11.542837196092053,37.082789357726455,38.83774397522334,0,0,0,0,0,5,5,1,1
487,1954,3,23,6,19804.25,53.63146645621953,-6.65739697294584,341,201,979.9534000203478,997.9534000203478,18.0,27.464389461810953,14.051559155172505,571.3725378570888,1025625,1.4357708790707693,12.353540225404467,5.93030623782969,18.453195728070543,19.3826975587229,0,0,0,0,0,2,2,1,1
487,1954,3,23,9,19804.375,53.63146645621953,-6.65739697294584,341,201,982.8734817782155,1000.8734817782155,18.0,26.106514783693008,11.797223083338977,664.5712656141624,1387500,2.920081757867738,25.12472427399806,0.0,0.0,0.0,0,0,0,0,0,1,1,1,1
487,1954,3,23,12,19804.5,53.423077272164235,-6.261326304302211,342,200,988.1432430282418,1000.1432430282418,12.0,21.3169847950402,9.53561139250167,588.5243791923468,1088125,5.26976125002635,45.46371144335169,8.7480307365564,-7.723940011516171,11.669931065316364,0,0,0,0,0,3,3,1,1
487,1954,3,23,15,19804.625,53.21276043687445,-5.869600443014707,343,199,990.9340864285202,998.9340864285202,8.0,19.401749870809116,7.475102038961559,478.1069828142386,718125,2.7908434002783906,24.14331509122009,8.694808669365768,-7.7953883573877985,11.677661471346708,0,0,0,0,0,6,6,1,1
487,1954,3,23,18,19804.75,52.76465575871977,-5.448651441359858,344,197,993.8374970089435,999.8374970089435,6.0,17.590283582730006,5.671254210535117,407.33159486258967,521250,2.903410580423224,25.265649211078117,9.440887341191765,-16.60898893883118,19.104681817797736,0,0,0,0,0,4,4,1,1
487,1954,3,23,21,19804.875,51.7964997409346,-5.6594818401624805,343,193,996.3128426913995,1000.3128426913995,4.0,17.199673875625322,4.173348665263984,318.2174296644016,318125,2.4753456824561,21.82397663861829,-4.83287861308954,-35.88467912603637,36.20865796556741,0,0,0,0,0,4,4,1,1
487,1954,3,24,0,19805.0,49.68078131605837,-5.047214998611426,344,184,996.533195074535,1000.533195074535,4.0,17.865426062865502,3.178980864598852,261.60394784772456,215000,0.2203523831354687,2.002286603055052,14.683788523847266,-78.41905168488469,79.78196107247355,0,0,0,0,0,4,4,1,1
487,1954,3,24,3,19805.125,48.72515060626322,-4.935304033427122,344,180,998.1157819846454,1002.1157819846454,4.0,16.532862529391753,2.7810338262417647,264.6283714200614,220000,1.5825869101104035,14.58908742457457,2.7363034518884595,-35.42042889165323,35.525964300064814,0,0,0,0,0,2,2,1,1
487,1954,3,24,6,19805.25,47.30490244742045,-4.469557478212062,345,174,999.0717273083269,1005.0717273083269,6.0,15.709023930785683,3.893730878306742,324.7154905426913,331250,0.9559453236815171,9.011197578780752,11.705889196669721,-52.641463279863714,53.92727972121298,0,0,0,0,0,2,2,1,1
487,1954,3,24,9,19805.375,46.58189134882315,-4.398705354995532,345,171,1002.1059707605705,1008.1059707605705,6.0,13.903063859434985,3.4901339981307684,324.1022407214287,330000,3.034243452243536,28.941472976566228,1.8049855552420286,-26.798388690576218,26.8591066356615,0,0,0,0,0,2,2,1,1
487,1954,3,24,12,19805.5,46.374877289678686,-3.773937692335383,347,170,1005.5839532792455,1009.5839532792455,4.0,10.44818236466121,3.6112716316511797,286.2949452790358,257500,3.47798251867498,33.28800655905604,15.976828534425321,-7.672971040320259,17.723812642995878,0,0,0,0,0,4,4,1,1
487,1954,3,24,15,19805.625,46.09878803993484,-4.352703133235996,345,169,1007.8834605076553,1009.8834605076553,2.0,8.123021723909861,2.307681462789842,209.6820283885486,138125,2.299507228409784,22.110544908714523,-14.87509946731507,-10.233241290872769,18.05513255226171,0,0,0,0,0,5,5,1,1
487,1954,3,24,18,19805.75,46.09878803993484,-4.352703133235996,345,169,,,,8.123021723909861,,0.0,0,0.0,,0.0,0.0,0.0,0,3,0,0,0,5,5,0,0
505,1954,3,22,6,19803.25,43.23901499192135,159.95654403811218,429,550,998.4213650410156,998.4213650410156,0.0,8.076786078554775,5.0309368023838035,14.104739588693906,625,,,,,,3,0,0,0,0,22,22,1,1
505,1954,3,22,9,19803.375,43.94785033391868,160.56791518974325,426,548,996.0433327392448,998.0433327392448,2.0,10.345034759727591,7.221686006382515,158.3253092116782,78750,-2.3780323017708724,-23.739786032601682,16.314851874976192,26.272964618821444,30.926413655066078,0,0,0,0,0,20,20,1,1
505,1954,3,22,12,19803.5,44.649032377438076,161.19718605846828,423,546,993.5547458233102,997.5547458233102,4.0,12.262959256243231,8.160905103989935,209.6820283885486,138125,-2.4885869159345746,-24.53381471676396,16.59316868187661,25.989295297873415,30.834667453781236,0,0,0,0,0,21,21,1,1
505,1954,3,22,15,19803.625,45.03514902940211,161.6577627134969,421,545,991.4260558556059,997.4260558556059,6.0,13.689537828697867,11.539446907051461,267.24666641978536,224375,-2.1286899677042674,-20.844033776751044,12.06378163737817,14.311404263794744,18.717668642117403,0,0,0,0,0,20,20,1,1
505,1954,3,22,18,19803.75,44.722087140226925,162.3940319374175,419,547,990.4623963506413,996.4623963506413,6.0,15.157099222469698,10.324818178266504,267.99005218518425,225625,-0.963659504964744,-9.488029358564864,19.390108799036696,-11.603631267347161,22.596915228124324,0,0,0,0,0,20,20,1,1
505,1954,3,22,21,19803.875,44.07149599019657,163.83750090986092,415,551,991.8181847604868,997.8181847604868,6.0,15.475942677037184,8.068717833648043,361.5328436175876,410625,1.3557884098455544,13.504570529094803,38.43932160590277,-24.114145067741838,45.377014422173275,0,0,0,0,0,20,20,1,1
505,1954,3,23,0,19804.0,43.57113073574458,166.06724066911897,408,555,990.3486753933668,996.3358619348751,5.987186541508418,17.90920694044627,9.335525920913932,418.41419359420024,550000,-1.4695093671200448,-14.7711164401995,59.87627859441095,-18.546025921424718,62.682723423553256,0,0,0,1,0,20,19,2,0
505,1954,3,23,3,19804.125,45.76220575927426,169.97477282415096,393,549,988.0308327698638,994.0308327698638,6.0,18.467192598467708,5.959742413395142,397.69363170356525,496875,-2.3178426235029472,-22.413946259001268,101.03063915317608,81.21214217136936,129.6248513355444,0,0,1,0,0,20,20,1,1
505,1954,3,23,6,19804.25,46.23348061263472,171.69975477695945,387,548,,,,19.886345741902566,,0.0,0,-0.908329592145892,,44.22530804705748,17.467790916280126,47.549990445340846,0,2,2,0,0,18,16,0,0
512,1954,3,18,18,19799.75,58.4927687013269,-27.210869971052492,296,236,980.9341159074786,984.9341159074786,4.0,18.939423530929908,7.67712601766325,212.97689729449573,142500,-1.6562627249781507,-13.459150635736332,-3.7710300204549028,27.046161307845203,27.30779209136387,2,0,0,2,0,4,4,1,1
512,1954,3,18,21,19799.875,58.80650566325943,-27.03086025984298,297,237,980.4223571091753,984.4223571091753,4.0,19.616279841550078,9.904783130339784,205.36810833075387,132500,-0.511758798303199,-4.1448133288324716,3.4556559107744347,11.628652822591286,12.131245782772295,0,0,0,0,0,6,6,1,1
512,1954,3,19,0,19800.0,59.218969504172456,-25.52685579699834,301,237,973.2254164413312,985.2254164413312,12.0,27.53303380880494,10.860081408065234,339.97981913709083,363125,-7.196940667844173,-58.03767035411283,28.527825118234173,15.287962177952387,32.366009848775846,0,0,0,0,0,4,4,1,1
512,1954,3,19,3,19800.125,60.258365026950294,-25.491491013191876,303,241,972.773993629848,984.773993629848,12.0,27.062522601129604,8.547440920506414,345.2061176167894,374375,-0.4514228114832076,-3.6020413843965526,0.6502718719846711,38.52516963665473,38.53065726198449,0,0,0,0,0,4,4,1,1
512,1954,3,19,6,19800.25,61.08577673618067,-25.260819164105158,305,244,972.6187728353116,984.6187728353116,12.0,27.20480160659269,8.90906358030421,329.2784611561371,340625,-0.15522079453643528,-1.2285462179756061,4.133846019311959,30.667994770906954,30.9453483770947,0,0,0,0,0,4,4,1,1
512,1954,3,19,9,19800.375,62.12036858493825,-25.213495871478642,307,248,972.6490739041495,986.6490739041495,14.0,27.687312142562515,11.381013513489233,380.8279688947355,455625,0.03030106883801636,0.2374978859781498,0.8202149105276771,38.347121576552446,38.35589245091745,0,0,0,0,0,4,4,1,1
512,1954,3,19,12,19800.5,62.43707804103067,-26.039416570620375,306,250,973.1503630059581,987.1503630059581,14.0,27.28921904049975,9.789128772866897,380.30521234234993,454375,0.5012891018085065,3.917676486972971,-14.165101153430964,11.738828245944697,18.39701549911616,0,0,0,0,0,5,5,1,1
512,1954,3,19,15,19800.625,62.747581881968785,-26.883948326644145,305,252,973.5219837870802,989.5219837870802,16.0,25.499282612884883,10.086785641534952,453.98860261465205,647500,0.37162078112218294,2.8961424295331244,-14.333692525812019,11.50881727198937,18.382263637119348,0,0,0,0,0,6,6,1,1
512,1954,3,19,18,19800.75,63.05749821268058,-26.672547823017435,306,253,973.3391240352736,989.3391240352736,16.0,24.688194133335493,9.349436698144126,462.88480439247957,673125,-0.18285975180668174,-1.421137403710349,3.550257714972622,11.487041219816119,12.023162887879263,0,0,0,0,0,8,8,1,1
512,1954,3,19,21,19800.875,63.160240000585446,-26.24134965215777,307,253,974.7363796467213,990.7363796467213,16.0,23.5448002705374,9.070004192622145,501.85924066706633,791250,1.397255611447763,10.849228739804818,7.2159667399931955,3.8081218564710473,8.159164667196055,0,0,0,0,0,7,7,1,1
512,1954,3,20,0,19801.0,63.667624697504934,-25.135702596589994,310,254,976.3303542215,992.3303542215,16.0,23.166416955875544,9.651373716900052,601.2326209525455,1135625,1.5939745747786946,12.321956150405722,18.17793343656877,18.806201384844556,26.15550562599879,0,0,0,0,0,6,6,1,1
512,1954,3,20,3,19801.125,64.06970036209871,-24.44395478041654,312,255,976.6377360201842,990.6377360201842,14.0,21.982248053423923,10.025479518362918,472.66663872675434,701875,0.30738179868421867,2.3679978203251326,11.211570500824203,14.902924676689278,18.649302319765898,0,0,0,0,0,6,6,1,1
512,1954,3,20,6,19801.25,64.46746371150232,-23.730940160771482,314,256,978.0155832208167,990.0155832208167,12.0,19.9722302641852,12.120650593892714,435.1946487255507,595000,1.3778472006323863,10.579159047910489,11.39097490052472,14.743088819609483,18.630968228390017,0,0,0,0,0,5,5,1,1
512,1954,3,20,9,19801.375,64.5591323281516,-23.26536878121195,315,256,979.691418791595,989.691418791595,10.0,18.44347239352575,10.362389555537957,416.98534186215187,546250,1.6758355707782904,12.85731460063677,7.412972960782081,3.397695034641415,8.154538593060504,0,0,0,0,0,5,5,1,1
512,1954,3,20,12,19801.5,64.94961140463639,-22.520565602896887,317,257,983.2244946502486,989.2244946502486,6.0,14.753341673166693,5.163117933247268,357.93816391798146,402500,3.533075858653756,27.019429508895122,11.688778274351987,14.473097421986814,18.60371163325438,0,0,0,0,0,6,6,1,1
512,1954,3,20,15,19801.625,65.41947998052778,-21.264124660552305,320,258,984.9463370374302,988.9463370374302,4.0,12.699939349420893,4.570712220702844,323.1801841141507,328125,1.721842387181532,13.1180646521695,19.371458526419882,17.41566727627598,26.049162599184555,0,0,0,0,0,7,7,1,1
512,1954,3,20,18,19801.75,65.03669434578109,-22.041944511178574,318,257,986.5343159852403,992.3927934040534,5.858477418813127,11.374515299926983,4.3105817123128505,707.0682180577885,1570625,1.5879789478100428,12.135566604646906,-12.167218024910605,-14.18794019208352,18.690608373187015,0,0,2,1,0,5,7,2,0
512,1954,3,20,21,19801.875,73.82586932298544,6.779567945149956,368,288,987.9695474509654,989.9695474509654,2.0,15.4345527353505,4.3956152200067296,367.8066090054814,425000,-0.04027716079857782,-0.2905483905400556,41.45328764333819,4.872364395916698,41.73865104729586,0,0,0,2,2,9,9,1,2
512,1954,3,21,0,19802.0,74.2749839527336,11.951875130024774,374,291,987.8454763177989,989.8454763177989,2.0,15.766442508105591,3.3452302495303594,240.60883306661233,181875,-0.12407113316643517,-0.8930123457487429,51.94143064066497,16.646422769948487,54.54370365161197,0,0,0,2,0,7,7,1,1
512,1954,3,21,3,19802.125,74.77688490087691,14.958636073720873,377,294,986.854210529371,988.854210529371,2.0,16.59475732264335,7.582011971605097,181.72685737548065,103750,-0.9912657884278451,-7.117437153723553,29.260068976222755,18.602946370542902,34.673062312962905,0,0,0,0,0,10,10,1,1
512,1954,3,21,6,19802.25,74.71700470349748,15.771948056854868,378,294,986.425832373785,988.425832373785,2.0,17.47277702146142,6.286150892028018,157.06373285785546,77500,-0.4283781555859605,-3.0766961569089197,7.945863555490622,-2.2194580516890436,8.25001464760405,0,0,0,0,0,7,7,1,1
512,1954,3,21,9,19802.375,74.94780598642146,18.705209929416146,381,296,986.0517391349726,992.0517391349726,6.0,17.956038036556357,9.730402357708444,376.09700300975805,444375,-0.3740932388124929,-2.68387880006539,28.231916399383035,8.554643908067144,29.499542979096862,0,0,2,0,0,8,8,1,2
512,1954,3,21,12,19802.5,75.17184869791468,23.65421335091024,386,299,985.7378730329267,989.7378730329267,4.0,18.085437524699625,10.419042772802422,206.33455182562614,133750,-0.31386610204586757,-2.2494395097329996,46.93110796559127,8.304137623245794,47.66012585530793,0,0,0,2,0,10,10,1,1
512,1954,3,21,15,19802.625,75.49327311676956,27.15979569229649,389,302,983.7167039313589,989.7167039313589,6.0,20.04675056129496,15.27080601922986,224.3496172334865,158125,-2.0211691015677933,-14.464214964285881,32.54296739141127,11.913588225445606,34.65513397815587,0,0,0,0,0,8,8,1,1
512,1954,3,21,18,19802.75,75.75764447425341,30.808903450976025,392,305,981.7625465282463,989.7625465282463,8.0,21.338462274840822,20.260805106610277,266.5012070418412,223125,-1.9541574031126219,-13.96812758990568,33.2704653359491,9.79891790077982,34.683463721157,0,0,0,0,0,10,10,1,1
512,1954,3,21,21,19802.875,75.70084440781518,36.06043499684848,397,308,980.3697417976977,990.3697417976977,10.0,22.17371145451426,20.43422811976714,300.86437789062944,284375,-1.3928047305486688,-9.958143786549435,48.059255645864596,-2.105293073668243,48.105345983171176,0,0,0,0,0,8,8,1,1
512,1954,3,22,0,19803.0,75.78612772046523,38.58915997976755,399,310,978.9142480698171,988.9142480698171,10.0,22.702109428546535,22.434996286137103,275.3135333533663,238125,-1.45549372788053,-10.402416676036667,23.012200841482365,3.1610238980427487,23.22829007165011,0,0,0,0,0,11,11,1,1
512,1954,3,22,3,19803.125,75.54226378886109,42.48312434306048,403,312,978.5957111287149,988.5957111287149,10.0,21.992021083894194,20.505370948398557,282.79914940409105,251250,-0.31853694110221115,-2.279061840037056,36.027684469617775,-9.03881066199202,37.14423436316434,0,0,0,0,0,11,11,1,1
512,1954,3,22,6,19803.25,75.38883348418669,46.86767883943418,407,315,979.2930765411988,989.2930765411988,10.0,20.5746880546864,18.119555397974327,299.5389777108415,281875,0.6973654124839231,4.992961551794674,40.985932741566536,-5.686890491107685,41.378586323774606,0,0,0,0,0,11,11,1,1
512,1954,3,22,9,19803.375,75.00858462379178,50.46909497011194,411,317,980.1414505234612,990.1414505234612,10.0,19.912261149151515,15.294323095749569,326.8528041036741,335625,0.8483739822624193,6.084806212491808,34.52419975115013,-14.093914712763212,37.29019710846214,0,0,0,0,0,10,10,1,1
512,1954,3,22,12,19803.5,74.88726572026044,54.06650273981618,414,320,980.2710610096553,988.2710610096553,8.0,20.01345113226527,18.288440481528525,308.3748992661489,298750,0.12961048619414214,0.9301368429040887,34.758395168039115,-4.496682192921349,35.048055372612346,0,0,0,0,0,8,8,1,1
512,1954,3,22,15,19803.625,74.8973393329109,57.13682445529228,416,323,983.6333412019161,989.6333412019161,6.0,15.906700084699882,13.412076497807284,369.9638510165959,430000,3.3622801922606596,24.12792620771998,29.64757292467542,0.3733782065712236,29.649923973074355,0,0,0,1,0,8,8,1,2
512,1954,3,22,18,19803.75,73.08805814788133,71.8057883297998,431,336,982.2957655037102,988.2957655037102,6.0,19.40051454583622,5.541826300689572,338.5137501286538,360000,-2.000359155581245,-14.48534276168573,58.34341232039918,-13.411712971451221,59.865080021801525,0,0,0,0,2,9,9,1,1
512,1954,3,22,21,19803.875,72.96810323351946,75.8720833630803,433,341,980.8630668253285,988.8630668253285,8.0,20.862066776318585,8.377199275419262,307.7290872499344,297500,-1.432698678381712,-10.381333773910741,44.13718505553636,-4.446125967707805,44.36055839084296,0,0,0,0,0,7,7,1,1
512,1954,3,23,0,19804.0,72.49915295600309,79.26733544334422,436,345,982.2636729890064,988.2636729890064,6.0,19.319869687110483,9.310707845267897,263.12050517771223,217500,1.4006061636780214,10.174642877880723,37.839039875381836,-17.381630569459205,41.64029322595958,0,0,0,0,0,9,9,1,1
512,1954,3,23,3,19804.125,71.97118867433235,82.47617956136138,439,349,982.9131760283307,988.9131760283307,6.0,18.976233395793518,9.519457014142171,252.7071841393177,200625,0.6495030393241905,4.7322371375013,36.80568687893407,-19.5689831904414,41.684573762219486,0,0,0,0,0,9,9,1,1
512,1954,3,23,6,19804.25,71.64587447146349,86.83963837395433,441,355,984.6971540002662,990.6971540002662,6.0,17.278617746092117,8.915444876846305,275.6746004375086,238750,1.7839779719355284,13.022222798674024,50.916415406455656,-12.05776297481232,52.32466918958504,0,0,0,0,0,8,8,1,1
512,1954,3,23,9,19804.375,71.90060153704982,89.64413016937813,440,359,987.3683522332274,991.3683522332274,4.0,14.256496570150707,9.204096714374828,205.36810833075387,132500,2.6711982329611783,19.46999939679791,32.290373983389394,9.441452457419079,33.64237322920093,0,0,0,0,0,9,9,1,1
512,1954,3,23,12,19804.5,71.89214890817459,91.77880031567385,440,362,988.2295363780785,992.2295363780785,4.0,14.138780415607968,10.25818331184084,212.04073057660514,141250,0.8611841448511405,6.277356456284134,24.5902043107001,-0.3132964825785143,24.592200038385542,0,0,0,0,0,13,13,1,1
512,1954,3,23,15,19804.625,71.87244088284955,93.19953970956257,440,364,990.2263019844095,992.2263019844095,2.0,11.593944702348086,8.179050488024295,160.81877456451716,81250,1.9967656063310277,14.556492130104004,16.38381329001082,-0.7304774767756924,16.400089489573272,0,0,0,0,0,20,20,1,1
512,1954,3,23,18,19804.75,71.57371846302645,95.95410743116503,441,368,992.0532184824701,994.0532184824701,2.0,10.141963109823156,6.956545414441717,203.42144725641097,130000,1.8269164980606,13.341239119878846,32.26876794659202,-11.07213918643853,34.11547524152159,0,0,0,0,0,15,15,1,1
512,1954,3,23,21,19804.875,70.04461939408145,93.55618109425512,448,365,992.717760208829,994.717760208829,2.0,9.311918394195143,17.969545203189192,213.90896694369758,143750,0.6645417263588752,4.898172871456135,-30.331430012900245,-56.67601960120049,64.28193248855489,0,0,0,0,0,12,12,1,1
512,1954,3,24,0,19805.0,69.17486863537586,98.3929251873925,451,373,992.700993886395,992.700993886395,0.0,10.554067449801215,16.83966283678892,14.104739588693906,625,-0.01676632243397762,-0.12427970370823843,63.71834516036329,-32.23729060443932,71.40917598943615,0,0,0,0,0,16,16,1,1
512,1954,3,24,3,19805.125,69.23654660702961,97.16354746583238,451,371,994.9190789963786,994.9190789963786,0.0,7.87869130040254,15.635827367577804,14.104739588693906,625,2.218085109983658,16.43474856862395,-16.153662402280247,2.2860925112081345,16.314626197882816,0,0,0,0,0,14,14,1,1
512,1954,3,24,6,19805.25,69.23654660702961,97.16354746583238,451,371,,,,7.87869130040254,,0.0,0,0.0,,0.0,0.0,0.0,0,3,0,0,0,14,14,0,0
513,1954,3,22,15,19803.625,30.92167122553423,-158.6846736242304,268,594,1008.6078576070887,1012.6078576070887,4.0,7.962785724754661,2.0613477902839805,2268.1456284301175,16161875,,,,,,3,0,0,0,0,21,21,1,1
513,1954,3,22,18,19803.75,31.97844513748194,-158.56380051001233,269,590,1008.3959360075908,1012.3959360075908,4.0,9.562938323703358,3.376829873310926,541.5191433798228,921250,-0.2119215994978731,-2.7723477876955696,3.800283016125982,39.169299206303144,39.35322288346351,0,0,0,0,0,21,21,1,1
513,1954,3,22,21,19803.875,32.79071773330364,-158.52499666451112,270,587,1007.620312660533,1013.620312660533,6.0,10.90727879435438,3.5752942705024178,718.3730945514808,1621250,-0.775623347057699,-9.922366588672409,1.2090825357350514,30.10686390259288,30.131132315720723,0,0,0,0,0,21,21,1,1
513,1954,3,23,0,19804.0,33.215936649215955,-158.8777820884618,272,586,1007.0938242882149,1011.0938242882149,4.0,10.4781521600405,2.7784253904221985,612.704432836917,1179375,-0.5264883723181265,-6.65871748379223,-10.939518910715472,15.760728720916294,19.185245471773804,0,0,0,0,0,21,21,1,1
513,1954,3,23,3,19804.125,33.30777085632876,-159.09822050512506,273,586,1006.0628518817998,1010.0628518817998,4.0,11.123860696604583,3.4402823480322695,564.5420919130127,1001250,-1.0309724064150942,-13.007313547055855,-6.828391528534166,3.4038326411231687,7.6297449181301396,0,0,0,0,0,21,21,1,1
513,1954,3,23,6,19804.25,33.33734687533278,-159.8451985484025,276,587,1005.469153685476,1011.469153685476,6.0,12.529383196295157,12.608364217869967,617.8777546907511,1199375,-0.5936981963238214,-7.484543290456193,-23.130804254772837,1.0962344211966466,23.15676651389035,0,0,0,0,0,19,19,1,1
513,1954,3,23,9,19804.375,33.0967986977504,-159.92634710648676,276,588,1005.349740301437,1013.349740301437,8.0,12.802413334619521,13.653739506860365,774.7341990226779,1885625,-0.11941338403907138,-1.5150854027331533,-2.5197563634458704,-8.915912320251657,9.265131657647464,0,0,0,0,0,17,17,1,2
513,1954,3,23,12,19804.5,33.7269832053012,-156.8951320519085,265,581,1000.9622421876873,1010.9622421876873,10.0,16.47369266800023,4.911920326987747,659.613391068942,1366875,-4.387498113749753,-54.74693505601151,93.43890799030031,23.357773363216396,96.31414798931249,0,0,1,0,0,23,23,1,1
513,1954,3,23,15,19804.625,34.35639777116103,-157.68524120847815,269,580,999.0417372574966,1013.0417372574966,14.0,18.020711838836835,3.1202443204595327,909.0720774529743,2596250,-1.9205049301906547,-23.5774068320011,-24.17628249404749,23.32923549326654,33.59681330025624,0,0,0,0,0,30,30,1,1
513,1954,3,23,18,19804.75,35.629437776620996,-158.7685655382669,275,577,999.0067307359656,1013.0067307359656,14.0,18.657035716282557,9.41534509969926,752.9870415650439,1781250,-0.03500652153103147,-0.41633539946329506,-32.63657316737412,47.185196674236686,57.37236872655478,0,0,0,0,0,23,23,1,1
513,1954,3,23,21,19804.875,36.0756614121291,-159.9217705225852,280,577,997.6765964527679,1013.6765964527679,16.0,19.2456495751853,13.901885431914273,769.710514193213,1861250,-1.3301342831976946,-15.649813102707029,-34.5468200446969,16.53926813913071,38.30182979674386,0,0,0,0,0,21,21,1,1
513,1954,3,24,0,19805.0,36.00911531979386,-160.47085827708074,282,578,993.5332665514127,1013.5332665514127,20.0,21.22577465444664,14.604865399189293,860.1578585925078,2324375,-4.143329901355173,-48.82658669244918,-16.463127405539197,-2.4665292852331966,16.646871498450654,0,0,0,0,0,23,23,1,1
513,1954,3,24,3,19805.125,35.77065667313406,-160.5531385568778,282,579,991.8573967282657,1009.8573967282657,18.0,21.659647785664813,15.66717922195334,658.1036308126709,1360625,-1.6758698231469316,-19.86300781372269,-2.474427992529403,-8.838463907698847,9.178302573891768,0,0,0,0,0,20,20,1,1
513,1954,3,24,6,19805.25,35.68589586160677,-160.321376154354,281,579,993.2996499050461,1009.2996499050461,16.0,20.68323687289713,12.019372841341319,593.7408516756685,1107500,1.4422531767803592,17.12929175399144,6.977247090809032,-3.141657406703755,7.651927092393109,0,0,0,0,0,20,20,1,1
513,1954,3,24,9,19805.375,35.513387382900504,-159.8598617695681,279,579,993.9995312510556,1007.9995312510556,14.0,19.57263877072125,13.601469555944568,560.8297034620743,988125,0.699881346009497,8.34735288118448,13.923941753498912,-6.394022545102341,15.321869280936559,0,0,0,0,0,18,18,1,1
513,1954,3,24,12,19805.5,35.72065881117999,-158.99780223945226,276,577,996.8588920467141,1002.8588920467141,6.0,16.072077704058017,12.523701956177538,320.7084064584796,323125,2.8593607956585765,33.93127724846852,25.941059808878702,7.682510421016708,27.0547509760643,0,0,0,0,0,16,16,1,1
513,1954,3,24,15,19805.625,36.008024860253514,-158.35921102063486,274,575,996.6350498984372,1000.6350498984372,4.0,15.962367913386903,8.980063644869443,259.3124822609313,211250,-0.22384214827703544,-2.6379106984051077,19.146937856427652,10.651215582289208,21.91012603017844,0,0,0,0,0,20,20,1,1
513,1954,3,24,18,19805.75,36.19143072297373,-157.48501986983968,271,573,998.3465147787564,1000.3465147787564,2.0,14.844044497256998,8.519038362020728,115.45226928885475,41875,1.711464880319254,20.080742284708045,26.149799454258755,6.797933817118745,27.01895474810005,0,0,0,0,0,17,17,1,1
513,1954,3,24,21,19805.875,36.69249294468033,-156.735740999905,269,570,999.6285376478309,1001.6285376478309,2.0,14.491645489254621,8.008799188567137,272.7726817250237,233750,1.2820228690744262,14.864964572121785,22.269033363257734,18.57185899567509,28.99696179755948,0,0,2,0,0,22,22,1,2
513,1954,3,25,0,19806.0,37.41186244067188,-155.87039345274363,267,566,1000.024677888256,1000.024677888256,0.0,13.585722567859568,7.820133353663042,14.104739588693906,625,0.39614024042515666,4.5174617844886145,25.47599935597338,26.663412779037763,36.877691416504234,0,0,0,2,0,25,25,1,1
513,1954,3,25,3,19806.125,38.22108810546757,-155.21588874398395,266,562,1001.0554510732513,1001.0554510732513,0.0,12.630017726374927,5.602510878750326,14.104739588693906,625,1.0307731849953417,11.542644072072715,19.058697768232218,29.99392947861713,35.536878959597416,0,0,0,0,0,25,25,1,1
513,1954,3,25,6,19806.25,39.126705799597765,-154.7780288917046,266,558,1002.1602975085596,1002.1602975085596,0.0,12.433339851725513,5.376797227810093,14.104739588693906,625,1.1048464353082819,12.130184275017445,12.589878241956297,33.56669768894041,35.85007988677294,0,0,0,0,0,27,27,1,1
513,1954,3,25,9,19806.375,40.32539198494848,-159.11583964088797,283,560,,,,11.869370566991929,,0.0,0,-1.3804425312305102,,-122.5641003398144,44.429274149972855,130.36839760310602,0,2,2,0,0,26,25,0,0
537,1954,3,23,12,19804.5,45.50793907978736,5.78425699446001,379,167,1000.6005530427059,1000.6005530427059,0.0,8.843947738478692,13.88125536982072,14.104739588693906,625,,,,,,3,0,0,0,0,1,1,1,1
537,1954,3,23,15,19804.625,47.08349430684671,7.22003413826844,383,174,998.1085934184352,1000.1085934184352,2.0,10.129813789122117,10.535464531884935,148.60265258063356,69375,-2.4919596242706756,-23.57462815628091,36.23667329046221,58.39791596577139,68.72709131270575,0,0,0,3,0,2,2,1,1
537,1954,3,23,18,19804.75,47.770122453863,7.6460481453184554,384,177,998.0297531923264,1000.0297531923264,2.0,10.508407634882685,7.637420529028821,159.57691216057307,80000,-0.07884022610873216,-0.7376838366196782,10.612686538532728,25.449855479855625,27.57397794136151,0,0,0,0,0,2,2,1,1
537,1954,3,23,21,19804.875,48.452562137257736,8.085409867500307,385,180,999.3550719696852,1001.3550719696852,2.0,9.772140161935004,11.090919243571989,180.62879984608918,102500,1.3253187773587707,12.268831899672039,10.800801780381468,25.294610178137685,27.504083754290708,0,0,0,0,0,2,2,1,1
537,1954,3,24,0,19805.0,49.01797755910163,9.488640892216372,389,183,1000.8372955345144,1000.8372955345144,0.0,9.305126511066543,4.335384975531634,14.104739588693906,625,1.4822235648291826,13.603042384927159,34.10930100594,20.957108785211233,40.03304664585244,0,0,0,0,0,3,3,1,1
537,1954,3,24,3,19805.125,50.7094670057723,9.544525565558134,388,190,1001.0587295038904,1003.0587295038904,2.0,9.024095484569846,2.8043662132226745,303.8253889873249,290000,0.22143396937593934,1.982233664418913,1.3116974724218895,62.69501498086318,62.708735067052785,0,0,0,0,0,4,4,1,1
537,1954,3,24,6,19805.25,50.72890636773673,11.244526361434689,393,191,1001.4579322443483,1003.4579322443483,2.0,10.200573218576555,6.086227043241888,265.7536566014258,221875,0.39920274045798576,3.572593435616197,39.88415590713261,0.7205194758842465,39.89066357858176,0,0,0,0,0,3,3,1,1
537,1954,3,24,9,19805.375,50.94466405531583,13.019746518161744,398,193,1002.4571750855652,1004.4571750855652,2.0,10.672248294889007,4.93606285863847,278.54628835670917,243750,0.9992428412167647,8.915158329656128,41.456699156708524,7.997053414452591,42.2209754539547,0,0,0,0,0,3,3,1,1
537,1954,3,24,12,19805.5,51.06620175203759,13.750786430109288,400,194,1001.461044653996,1007.461044653996,6.0,12.184229961043751,5.045796241504649,559.7644988851731,984375,-0.9961304315690359,-8.872139498842916,17.027638557192237,4.50479175717479,17.613450076855745,0,0,0,0,0,5,5,1,1
537,1954,3,24,15,19805.625,51.3510260687786,14.898695434400299,403,196,1001.7757200043695,1005.7757200043695,4.0,11.997467525819218,4.380143670603356,450.69002221153227,638125,0.31467535037343625,2.791512530726922,26.572483116280676,10.557006335534526,28.59278303582108,0,0,0,0,0,7,7,1,1
537,1954,3,24,18,19805.75,51.55272178955802,16.389540334034788,407,198,1002.4485334736108,1004.4485334736108,2.0,12.176622856197364,4.508094712151942,231.33492951703124,168125,0.6728134692413732,5.951868814233979,34.35859233495208,7.475846958863158,35.16249642718462,0,0,0,0,0,4,4,1,1
537,1954,3,24,21,19805.875,52.70370672573879,17.991663435636866,410,204,1003.5029773384382,1005.5029773384382,2.0,12.070130756648636,2.96879252206978,278.90317035875347,244375,1.0544438648273353,9.18326199362705,35.98140130901647,42.66122851587074,55.808974714142835,0,0,0,0,0,3,3,1,1
537,1954,3,25,0,19806.0,53.45109900597481,19.112973733673314,412,208,1003.7573077032325,1005.7573077032325,2.0,11.8593326966701,2.5271631082079695,258.9285997673121,210625,0.25433036479429577,2.1933837993472407,24.749881775482475,27.702076591851156,37.14783567586606,0,0,0,0,0,2,2,1,1
537,1954,3,25,3,19806.125,53.59592410021805,19.569370453899015,413,209,1004.032058962114,1006.032058962114,2.0,11.51353101897789,1.9899943107688156,272.7726817250237,233750,0.2747512588814425,2.3650727721750586,10.039423041291878,5.367938576889589,11.384409495765764,0,0,0,0,0,1,1,1,1
537,1954,3,25,6,19806.25,54.18172098028132,20.278844132070805,414,212,1004.53773845306,1008.53773845306,4.0,10.951961206848312,1.612490002282284,470.3460118867115,695000,0.5056794909460587,4.320568464489114,15.389151246778933,21.71254703574873,26.613167321381322,0,0,0,0,0,1,1,1,1
537,1954,3,25,9,19806.375,54.235792411722755,21.089907699899115,416,213,1004.4673141808505,1008.4673141808505,4.0,10.835956090843437,2.3349232550917804,465.02879365272946,679375,-0.07042427220949321,-0.6013016806747461,17.569696145846752,2.0041562842322063,17.683632688704254,0,0,0,0,0,1,1,1,1
537,1954,3,25,12,19806.5,54.36977136559646,21.56338684578209,417,214,1005.3565408021484,1009.3565408021484,4.0,9.21284590576895,2.864528662610537,545.1805721264419,933750,0.8892266212978575,7.579714345948105,10.223470766620384,4.965926649300522,11.365728397343247,0,0,0,0,0,2,2,1,1
537,1954,3,25,15,19806.625,54.41201166975823,22.380135051959574,419,215,1005.9743287067182,1009.9743287067182,4.0,8.3484486904621,2.747723304824176,588.6933739924393,1088750,0.6177879045698501,5.263207394737267,17.617205120327057,1.56563584090389,17.68663709804667,0,0,0,0,0,3,3,1,1
537,1954,3,25,18,19806.75,56.464784451961314,21.260559161971816,413,222,1006.1996530021171,1010.1996530021171,4.0,7.622690081876183,3.336148632819022,523.7779426003491,861875,0.22532429539889562,1.8728321024607728,-22.924769028839272,76.08597297833992,79.4645853137503,0,0,0,0,0,3,3,1,1
537,1954,3,25,21,19806.875,56.464784451961314,21.260559161971816,413,222,,,,7.622690081876183,,0.0,0,0.0,,0.0,0.0,0.0,0,3,0,0,0,3,3,0,0
552,1954,3,22,0,19803.0,41.29633601878124,-60.57558042192605,176,256,1000.5567739028594,1000.5567739028594,0.0,10.265202571396095,6.89457096743492,14.104739588693906,625,,,,,,3,0,0,0,0,4,4,1,1
552,1954,3,22,3,19803.125,42.54060799719592,-59.131815988982346,183,254,999.3689770173847,999.3689770173847,0.0,10.622308260079178,6.386883262868505,14.104739588693906,625,-1.1877968854746723,-12.171491085696129,39.42788107719937,46.11891045523336,60.6754621557645,0,0,0,0,0,4,4,1,1
552,1954,3,22,6,19803.25,44.082526274558965,-57.7051696900976,191,253,998.1378328336023,998.1378328336023,0.0,10.906375921449671,4.557362955604694,14.104739588693906,625,-1.2311441837824533,-12.260591758433254,37.98426657139009,57.151163247762746,68.6225907958804,0,0,0,0,0,4,4,1,1
552,1954,3,22,9,19803.375,45.51547519496705,-56.59743576462013,198,253,996.2952512592525,996.2952512592525,0.0,11.84389655459318,3.197739975547738,14.104739588693906,625,-1.8425815743497516,-17.89328377571364,28.769885567602955,53.1122166967257,60.403757151463,0,0,0,0,0,5,5,1,1
552,1954,3,22,12,19803.5,49.23838298496028,-58.31870378230214,208,266,992.4314640503804,1006.4314640503804,14.0,14.579830614277002,2.9371961387087504,1006.0941497019325,3180000,-3.8637872088720906,-35.34189361689248,-41.65416077437096,137.98948620425116,144.13940270699877,0,0,2,0,0,4,4,1,3
552,1954,3,22,15,19803.625,50.58192035691251,-57.55429515387295,214,267,989.6568342175868,1007.6568342175868,18.0,17.030360784305458,6.060528694703534,1100.1696879181247,3802500,-2.7746298327935803,-24.883329569856723,17.990512524998547,49.79817983948351,52.94825073822242,0,0,0,0,0,5,5,1,3
552,1954,3,22,18,19803.75,51.50045011584644,-54.65989307844234,222,262,987.0243251726955,1005.0243251726955,18.0,19.89689665413513,6.977235329355535,978.4257675969857,3007500,-2.6325090448913397,-23.304694103096452,66.77894745443668,34.04528305516778,74.95671498557623,0,0,0,0,0,5,5,1,2
552,1954,3,22,21,19803.875,52.74287855888596,-54.217644209938676,227,264,984.3193681460555,1004.3193681460555,20.0,22.912771400043827,8.131446848221822,949.2185847206072,2830625,-2.7049570266400407,-23.545498009376885,9.923550940852955,46.05057986163087,47.10767208075715,0,0,0,0,0,3,3,1,1
552,1954,3,23,0,19804.0,53.78731442885749,-53.95937290717234,231,266,978.2098504733044,1008.2098504733044,30.0,28.958299225017424,10.039081208730858,1172.6460285670078,4320000,-6.109517672751099,-52.462110690273796,5.655468537303357,38.71198998214331,39.122915187316906,0,0,0,0,0,4,4,1,1
552,1954,3,23,3,19804.125,55.346326469327046,-53.54391891079904,237,269,972.7414012127515,1006.7414012127515,34.0,33.82889199601652,12.774010502081074,1099.807968464679,3800000,-5.468449260552879,-46.05682070104072,8.755964994201149,57.784743159331946,58.44436213160031,0,0,0,0,0,6,6,1,1
552,1954,3,23,6,19804.25,56.708716324293476,-53.32565033042684,242,272,967.1356444734648,1007.1356444734648,40.0,38.805099576282515,15.42921990191935,1144.2239075503117,4113125,-5.605756739286735,-46.46278978406245,4.440629670056123,50.49694666142768,50.69182196364276,0,0,0,0,0,4,4,1,1
552,1954,3,23,9,19804.375,57.55142111111487,-53.2503872289055,245,274,962.6270275717523,1006.6270275717523,44.0,43.27495637723539,18.3666378572728,1070.753202796163,3601875,-4.5086169017125215,-37.015762463751,1.4967522359799892,31.234832317874552,31.2706734366507,0,0,0,0,0,4,4,1,1
552,1954,3,23,12,19804.5,57.69074369127519,-53.57299836361139,245,275,958.9247621197995,1002.9247621197995,44.0,46.95769410896298,23.655509235703356,895.9563294155286,2521875,-3.7022654519526985,-30.348782693057643,-6.391184411366601,5.1639880269524046,8.216690971589673,0,0,0,0,0,6,6,1,1
552,1954,3,23,15,19804.625,57.78282384523909,-52.44371640911702,247,273,961.0836874776419,1003.0836874776419,42.0,45.11008098993545,22.653815899002584,913.5473347550889,2621875,2.1589253578423815,17.679531272112897,22.314858357592215,3.4129486551455313,22.57434654739895,0,0,0,0,0,10,10,1,1
552,1954,3,23,18,19804.75,58.0438876189037,-51.054191894114844,250,271,964.8498420062341,998.8498420062341,34.0,41.628376172303824,24.071901710524397,723.2032437259536,1643125,3.76615452859216,30.75321873960334,27.258324175187713,9.676322387395516,28.924858716758404,0,0,0,0,0,8,8,1,1
552,1954,3,23,21,19804.875,58.639168282906596,-49.10649716517043,255,269,969.6267748237556,989.6267748237556,20.0,38.263210640873424,25.443654582261587,377.4171088692805,447500,4.7769328175214465,38.75781597594188,37.56888902737547,22.0640632555756,43.568845636501486,0,0,0,0,0,6,6,1,1
552,1954,3,24,0,19805.0,59.337481786921174,-47.99704258028368,259,269,973.1565107211768,991.1565107211768,18.0,35.21698740061305,26.11190614675143,366.45188392718995,421875,3.5297358974211965,28.429578624262714,20.971120487601567,25.882972951268588,33.31240284491054,0,0,0,0,0,9,9,1,1
552,1954,3,24,3,19805.125,59.523808239106486,-47.10994284813326,261,268,978.4067262605749,1008.4067262605749,30.0,30.497470344016765,28.564631899372543,1241.6978340976264,4843750,5.250215539398195,42.205700491175115,16.676131343763927,6.906185394228955,18.049619200801082,0,0,2,0,0,9,9,1,2
552,1954,3,24,6,19805.25,59.53418968008467,-46.50743575877497,262,267,985.2020273774153,997.9456267586921,12.743599381276727,24.30269852923395,26.301434772756398,595.2467488851427,1113125,6.795301116840419,54.620590065297,11.322778508733155,0.3847878560114108,11.32931484477165,0,0,0,0,0,9,8,2,0
552,1954,3,24,9,19805.375,63.07491949746296,-37.495267549388046,287,265,980.9804845771421,996.9804845771421,16.0,27.23498854392652,10.339554108685988,547.3656733578504,941250,1.0348578184499637,8.041397636638969,23.919045519505534,9.147751138487541,25.60863310401158,0,0,0,0,2,8,8,1,1
552,1954,3,24,12,19805.5,63.030419017485364,-36.82187101877438,288,264,981.1192032506669,995.1192032506669,14.0,27.038318004194778,11.61313107496171,473.50768323302583,704375,0.13871867352485423,1.0783438271327326,11.319481951644923,-1.6494092022518574,11.439021914922982,0,0,0,0,0,7,7,1,1
552,1954,3,24,15,19805.625,62.93005733081407,-35.48205083905123,290,262,981.4748135396675,999.4748135396675,18.0,26.012375117839284,9.932924348195957,636.2785447349366,1271875,0.35561028900061503,2.7668434590607314,22.598940263290565,-3.7199034624462546,22.90305182270902,0,0,0,0,0,11,11,1,1
552,1954,3,24,18,19805.75,63.07104720465579,-33.35656850123832,294,260,982.2618762225014,1008.2618762225014,26.0,24.800546728077123,6.791636802214998,1130.9327616716407,4018125,0.78706268283393,6.116107111860579,35.67710802752683,5.225786226485254,36.05779914100058,0,0,0,0,0,8,8,1,1
552,1954,3,24,21,19805.875,64.46746371150232,-29.3991621933845,304,261,983.6561021667719,1009.6561021667719,26.0,22.653249070480157,2.6431758827866725,1152.0213894314386,4169375,1.3942259442704381,10.704915615019218,63.212808429289,51.75814368135032,81.69923247410158,0,0,0,0,0,8,8,1,1
552,1954,3,25,0,19806.0,64.70234099971162,-27.36553892334101,308,260,984.5975842092141,998.5975842092141,14.0,21.488511504800844,2.858365033364389,682.7335055352041,1464375,0.9414820424422214,7.214665253670719,32.20844403952322,8.705720944302131,33.36425399446479,0,0,0,0,0,7,7,1,1
552,1954,3,25,3,19806.125,64.59792907821225,-25.53998756471391,311,258,985.3181886415949,999.3181886415949,14.0,20.592044356975922,2.235752945050408,734.5306372654072,1695000,0.7206044323807873,5.5268289467342155,29.02468133156322,-3.8700253173140595,29.281550887127654,0,0,0,0,0,5,5,1,2
552,1954,3,25,6,19806.25,64.46746371150232,-23.730940160771482,314,256,986.6207352393717,998.6207352393717,12.0,19.051691866775652,2.245369635488605,713.9283614283682,1601250,1.302546597776818,10.000998382746037,28.9001435901013,-4.8356956269880715,29.30191549583994,0,0,0,0,0,6,6,1,2
552,1954,3,25,9,19806.375,63.19521589016499,-18.43494882292201,322,247,988.3469176235584,996.2466198617674,7.8997022382089925,18.754198694213887,5.4331124123522025,538.7567423836514,911875,1.7261823841866863,13.399100241533509,88.49488610605361,-47.1558343891015,100.27471058973828,0,0,0,0,0,5,7,2,0
552,1954,3,25,12,19806.5,63.6616960543144,-15.168894871213347,329,247,988.9250940528833,996.9250940528833,8.0,17.86940470685748,1.9450267248567255,549.361047798264,948125,0.578176429324958,4.469725950275975,53.70321892851932,17.29007587791153,56.41792664701898,0,0,0,0,0,6,6,1,2
552,1954,3,25,15,19806.625,63.76463437366808,-12.180916079005543,335,246,989.1723962242529,999.1723962242529,10.0,18.265616116746102,1.738119011920426,608.3052216516447,1162500,0.2473021713695198,1.9101304951312046,48.953354204219536,3.8154062898158876,49.10181476279818,0,0,0,0,0,7,7,1,2
552,1954,3,25,18,19806.75,63.756702796731304,-9.665066512244353,340,245,990.1841556696336,1000.1841556696336,10.0,18.48951194205729,1.4534101499651297,613.6777526448203,1183125,1.0117594453807397,7.8152344351131084,41.230928203712935,-0.2939837052202711,41.23197626792422,0,0,0,0,0,6,6,1,2
552,1954,3,25,21,19806.875,63.21077422663123,-7.514777544219855,344,242,991.2789638436221,1001.2789638436221,10.0,18.689692173206918,2.045240048971609,616.4271462483625,1193750,1.0948081739885673,8.497035331132823,35.920065955105244,-20.234829101815485,41.22741135456833,0,0,0,0,0,7,7,1,2
552,1954,3,26,0,19807.0,63.127245703600906,-4.583529809117021,350,241,991.7628169836076,1001.7628169836076,10.0,18.442082145185616,1.4511118592966523,616.4271462483625,1193750,0.48385313998544005,3.7580556439557533,49.10516317011762,-3.0959826636950445,49.202664141464695,0,0,0,0,0,6,6,1,2
552,1954,3,26,3,19807.125,63.65576864346146,-2.212042002048353,355,243,991.8601459903252,1001.8601459903252,10.0,18.426304368344443,1.1193159313010255,616.2657567584258,1193125,0.09732900671762763,0.7524628279470582,39.00416042837268,19.589689842586797,43.64722761929996,0,0,0,0,0,4,4,1,1
552,1954,3,26,6,19807.25,64.36394052753805,0.757168865058535,361,246,992.3568574795986,1002.3568574795986,10.0,17.72493423889229,1.832877359493141,614.9731160970505,1188125,0.4967114892732934,3.8170688279106777,47.610770966941594,26.24837356721163,54.36692585561982,0,0,0,0,0,3,3,1,2
552,1954,3,26,9,19807.375,64.58975676887466,1.273030020056711,362,247,993.0900252036795,1003.0900252036795,10.0,17.188467491457082,2.3270398895461404,618.5213775263903,1201875,0.733167724080995,5.623566746932503,8.204468352031624,8.369873463525446,11.720413078680972,0,0,0,0,0,4,4,1,2
552,1954,3,26,12,19807.5,65.03461765527122,2.3320236816230584,364,249,993.2043720959351,1005.2043720959351,12.0,17.25400729119476,3.4547304866793276,688.9699687007974,1491250,0.11434689225556212,0.8738703648652255,16.56674168062118,16.488757876632537,23.37383293828042,0,0,0,0,0,5,5,1,1
552,1954,3,26,15,19807.625,65.25355644076808,2.8754536839852465,365,250,993.6748746170808,1003.6748746170808,10.0,16.68891717398882,3.6893147874443826,590.0435899266436,1093750,0.47050252114568136,3.5893501279016466,8.431574936650248,8.114960730990532,11.702309326704155,0,0,0,0,0,4,4,1,1
552,1954,3,26,18,19807.75,65.45532188550736,3.9542477155210967,367,251,994.6723320551364,1004.6723320551364,10.0,15.870068702122406,3.243445810844715,600.5704702880486,1133125,0.9974574380555714,7.59707784390475,16.609870462582563,7.47843127573048,18.21578247371209,0,0,0,0,0,4,4,1,1
552,1954,3,26,21,19807.875,65.45532188550736,3.9542477155210967,367,251,995.4974336299301,1003.4974336299301,8.0,15.288042350903002,3.3523817928777864,505.80784001458665,803750,0.8251015747938072,6.284339214569797,0.0,0.0,0.0,0,0,0,0,0,4,4,1,1
552,1954,3,27,0,19808.0,65.6480189388363,5.050228424832809,369,252,995.7431678165411,1003.7431678165411,8.0,15.019675338082678,2.2513043576783094,490.2284814948658,755000,0.24573418661093455,1.868760863536292,16.750111656441923,7.1423115698450435,18.209306825467408,0,0,0,0,0,4,4,1,1
552,1954,3,27,3,19808.125,65.37527192921603,6.050235822898785,371,251,996.9847834086831,1002.9847834086831,6.0,13.540651055612617,1.349103301949799,403.65192058297936,511875,1.241615592142043,9.462741259477973,15.443933020039127,-10.109361242416602,18.45844662633153,0,0,0,0,0,4,4,1,1
552,1954,3,27,6,19808.25,65.06578492830157,7.543226290398895,374,250,997.7885443477085,1003.7885443477085,6.0,12.358611656142113,1.9279724748110312,411.2202901549713,531250,0.8037609390253784,6.141007560249157,23.3285617287861,-11.471128121375989,25.996318445326185,0,0,0,0,0,4,4,1,1
552,1954,3,27,9,19808.375,65.00141245994234,8.569141879837643,376,250,999.0583783793455,1005.0583783793455,6.0,11.468321102441333,4.18867476196996,445.80795774190074,624375,1.2698340316370014,9.707041290386238,16.069260109333303,-2.385963965711142,16.24542841869929,0,0,0,0,0,3,3,1,1
552,1954,3,27,12,19808.5,65.00141245994234,8.569141879837643,376,250,1000.7546329913588,1004.7546329913588,4.0,9.524051001095312,4.018363001613543,361.25759969217836,410000,1.6962546120132902,12.966744588341612,0.0,0.0,0.0,0,0,0,0,0,2,2,1,1
552,1954,3,27,15,19808.625,64.73928801943826,8.999251045839284,377,249,1001.9095347436275,1005.9095347436275,4.0,8.02817268988576,4.509107662858514,440.19443796393267,608750,1.154901752268779,8.847425792081399,6.803035308096798,-9.715635977865958,11.860643821378968,0,0,0,0,0,4,4,1,1
552,1954,3,27,18,19808.75,64.73928801943826,8.999251045839284,377,249,,,,8.02817268988576,,0.0,0,0.0,,0.0,0.0,0.0,0,3,0,0,0,4,4,0,0
576,1954,3,24,15,19805.625,39.954193454140054,-58.62699485989153,175,247,1014.6066255653932,1018.6066255653932,4.0,7.8396759473886615,10.189556913570122,219.87113035631398,151875,,,,,,3,0,0,0,0,9,9,1,1
576,1954,3,24,18,19805.75,40.74395404973818,-57.46688866317749,180,245,1013.1144601421528,1019.1144601421528,6.0,8.51551354246222,10.052404028184755,290.7766557300799,265625,-1.4921654232403672,-15.839352097021749,32.57749451266702,29.272457164765523,43.79691652600537,0,0,0,0,0,7,7,1,1
576,1954,3,24,21,19805.875,41.50893245804541,-56.27206349109222,185,243,1012.4083029202025,1020.4083029202025,8.0,9.364967759407767,16.872775608843657,350.0704303147574,385000,-0.706157221950416,-7.382117190926305,33.163537979907176,28.353905998797924,43.63214682700605,0,0,0,0,0,6,6,1,1
576,1954,3,25,0,19806.0,41.96463159108234,-54.59042882409258,190,239,1012.4327974930867,1020.4327974930867,8.0,9.728703156975165,20.525372021497752,324.1022407214287,330000,0.024494572884286754,0.25379176214330523,46.34502229607105,16.89047722334366,49.326963341114094,0,0,0,0,0,5,5,1,1
576,1954,3,25,3,19806.125,42.32579561850219,-53.26883278404359,194,236,1011.0232125210222,1019.0232125210222,8.0,10.8015074220944,23.375405642029,270.20793871277544,229375,-1.4095849720644764,-14.503537952424063,36.21556339144605,13.38653584520114,38.610443842239135,0,0,0,0,0,3,3,1,1
576,1954,3,25,6,19806.25,42.46534108101115,-52.10061439998832,197,233,1010.108674767411,1018.108674767411,8.0,11.133726181840439,18.16186925429909,320.7084064584796,323125,-0.914537753611221,-9.384816451551734,31.941535723951105,5.172249155754633,32.35759363323622,0,0,0,0,0,2,2,1,1
576,1954,3,25,9,19806.375,42.96401060223691,-50.572197803963796,202,230,1009.5355421754922,1017.5355421754922,8.0,11.538655266740967,13.212980177375211,397.44343121846424,496250,-0.5731325919188385,-5.826196328773359,41.45540575712136,18.48317361085888,45.38918784486809,0,0,0,0,0,3,3,1,1
576,1954,3,25,12,19806.5,43.793953905211076,-48.63935214491524,209,227,1012.3423818544735,1018.3423818544735,6.0,9.131394073647344,4.586843741811609,415.79088125351103,543125,2.8068396789813415,28.0989492919728,51.71159349691922,30.76182823111812,60.1695851582129,0,0,0,0,0,4,4,1,1
576,1954,3,25,15,19806.625,44.73076069160093,-46.854251714847784,216,225,1010.7515513709884,1014.7515513709884,4.0,9.410712298169427,5.911757806680398,273.1371076480198,234375,-1.5908304834850424,-15.66065562382537,47.00390207002767,34.72272063091478,58.43829341982281,0,0,0,0,0,4,4,1,1
576,1954,3,25,18,19806.75,45.787442843814325,-45.21064529915538,223,224,1009.129381972969,1013.129381972969,4.0,9.857439059320715,9.223536793489474,265.0039974024898,220625,-1.6221693980194687,-15.679940013641978,42.48028201876152,39.16589813399437,57.78011714280213,0,0,0,0,0,4,4,1,1
576,1954,3,25,21,19806.875,46.45784513040119,-43.50380862917077,229,222,1007.576411682992,1011.576411682992,4.0,11.09551815006056,10.45686977490026,263.12050517771223,217500,-1.5529702899769473,-14.843113336935263,43.580871714992625,24.848444359790538,50.167096453155935,0,0,0,0,0,6,6,1,1
576,1954,3,26,0,19807.0,47.92611048772187,-41.46498468960406,238,222,1004.5508176242713,1008.5508176242713,4.0,13.644078390194936,9.117157383608864,249.5383166664071,195625,-3.025594058720744,-28.23987470335032,50.63641259804824,54.4212195673398,74.3351560164932,0,0,0,0,0,5,5,1,1
576,1954,3,26,3,19807.125,49.54371606882485,-39.95083353241714,246,224,1000.8902857296604,1004.8902857296604,4.0,15.358328429080851,9.570963370853715,223.4611004069437,156875,-3.660531894610904,-33.330091596558646,36.41512245357296,59.95651131019175,70.14873050738599,0,0,0,0,0,3,3,1,1
576,1954,3,26,6,19807.25,50.85824249716788,-39.31294662268497,251,227,996.6500804848317,1006.6500804848317,10.0,17.25850015023425,13.39499910823215,555.841284250407,970625,-4.240205244828685,-37.87714377863257,14.924555801108259,48.72288992397879,50.957456455405506,0,0,0,0,0,2,2,1,1
576,1954,3,26,9,19807.375,51.82777469643294,-38.68656947564386,255,229,993.9971802969822,1005.9971802969822,12.0,19.310581103720263,14.79326712216971,570.5014098343019,1022500,-2.652900187849591,-23.379352292906525,14.348483245991856,35.93568725893878,38.69434829833375,0,0,0,0,0,3,3,1,1
576,1954,3,26,12,19807.5,52.456421580200406,-38.08877288097532,258,230,989.7533494613317,1003.7533494613317,14.0,21.9756019643811,16.396593717320137,571.7206174128935,1026875,-4.243830835650442,-37.08221693504774,13.501847085714214,23.30078137528467,26.93002575982471,0,0,0,0,0,4,4,1,1
576,1954,3,26,15,19807.625,53.267079783004924,-37.68784513470177,261,232,986.3196346526353,1000.3196346526353,14.0,23.279465563145028,15.860876868681736,516.8958896291585,839375,-3.433714808696386,-29.68370363425578,8.88776771978779,30.047026464885917,31.333946678043233,0,0,0,0,0,3,3,1,1
576,1954,3,26,18,19807.75,53.88557015765245,-37.05064083025305,264,233,983.2484165832133,999.2484165832133,16.0,24.921655913745855,17.115660858696867,558.8752775153366,981250,-3.0712180694220295,-26.339354606582436,13.920375937377358,22.924330613099063,26.819802391080092,0,0,0,0,0,3,3,1,1
576,1954,3,26,21,19807.875,54.117227324124585,-35.96051719664488,267,232,981.1051047237258,999.1051047237258,18.0,26.39739608649753,17.4256989765686,627.6212903913004,1237500,-2.1433118594874396,-18.327538747858938,23.682536408299473,8.586367210852163,25.191034766559852,0,0,0,0,0,3,3,1,1
576,1954,3,27,0,19808.0,54.117227324124585,-35.96051719664488,267,232,,,,26.39739608649753,,0.0,0,0.0,,0.0,0.0,0.0,0,3,0,0,0,3,3,0,0
579,1954,3,24,18,19805.75,51.850533624289206,-61.977940598664624,212,281,1011.4701746489404,1013.4701746489404,2.0,8.37685801575671,2.9903662121314847,226.99430130732603,161875,,,,,,3,0,0,0,0,9,9,1,1
579,1954,3,24,21,19805.875,52.77917988459154,-60.84308211768702,217,280,1011.6412056403209,1013.6412056403209,2.0,8.669581849765258,4.535768047578676,201.4559765517849,127500,0.17103099138039396,1.4880350858773344,25.443465538717025,34.42025093102063,42.80331310511264,0,0,0,0,0,9,9,1,1
579,1954,3,25,0,19806.0,52.75158814538493,-60.059273656594314,218,278,1011.5386559624924,1013.5386559624924,2.0,9.124803251298628,7.503508384576489,153.21669003752353,73750,-0.10254967782850144,-0.8925480491865473,17.58417708185539,-1.0226871390248595,17.613891467542746,0,0,0,0,0,8,8,1,1
579,1954,3,25,3,19806.125,52.065885219742256,-59.03624346792648,217,274,1011.4651648515979,1013.4651648515979,2.0,9.52897463791539,5.977802721988846,149.9354384784672,70625,-0.07349111089439248,-0.6455554825694553,23.310446620449298,-25.41556217226543,34.48663106447346,0,0,0,0,0,7,7,1,1
579,1954,3,25,6,19806.25,52.34839614815836,-58.38112277285765,219,273,1010.9044186236299,1012.9044186236299,2.0,9.95729959657226,10.133098649544845,119.6826841204298,45000,-0.5607462279680476,-4.906869497536025,14.832835269604878,10.471260653838225,18.156549832384318,0,0,0,0,0,8,8,1,1
579,1954,3,25,9,19806.375,52.29807363679244,-57.608606793366235,220,271,1010.8661828973162,1012.8661828973162,2.0,10.61362399088927,11.04845340304797,117.16276644769007,43125,-0.03823572631372372,-0.33481280011270864,17.51070723353747,-1.8652026533012198,17.60976572122819,0,0,0,0,0,8,8,1,1
579,1954,3,25,12,19806.5,52.17609677017862,-56.07020257793936,222,267,1010.5511502020288,1012.5511502020288,2.0,10.535640064130883,8.91436248224265,141.04739588693906,62500,-0.31503269528737293,-2.763150555282729,34.96665899901633,-4.521069578485834,35.25772697845112,0,0,0,0,0,10,10,1,1
579,1954,3,25,15,19806.625,52.219109555615134,-54.341614985946535,225,263,1010.8723096228135,1010.8723096228135,0.0,9.19604840051283,3.528234038404262,14.104739588693906,625,0.32115942078467924,2.815248063318109,39.25117286712101,1.5942678404642632,39.28353677295051,0,0,0,0,0,8,8,1,1
579,1954,3,25,18,19806.75,53.530839910033066,-51.088528154195174,235,259,1010.331606778033,1010.331606778033,0.0,7.585120552823362,3.6768915782937985,14.104739588693906,625,-0.5407028447804624,-4.658302344562323,71.66269752902157,48.61925351231411,86.5989262591096,0,0,0,0,0,7,7,1,1
579,1954,3,25,21,19806.875,53.714514201016165,-50.86250381869448,236,259,1009.7986197254005,1009.7986197254005,0.0,8.148832317516103,4.540339052080453,14.104739588693906,625,-0.5329870526325249,-4.580997852117823,4.957928994736272,6.80788310411911,8.421896002456755,0,0,0,0,0,9,9,1,1
579,1954,3,26,0,19807.0,53.89749548798269,-50.63426665576739,237,259,1006.9476874323924,1006.9476874323924,0.0,9.95928109259576,5.645134575368138,14.104739588693906,625,-2.8509322930080816,-24.44642977659898,4.984664997152646,6.782196927189738,8.416951959766713,0,0,0,0,0,8,8,1,1
579,1954,3,26,3,19807.125,53.51458434042148,-48.29214711299601,240,253,1005.0990547270407,1005.0990547270407,0.0,10.36327641483474,4.207332968454138,14.104739588693906,625,-1.8486327053517744,-15.929815624174234,51.61683715438157,-14.192592321484163,53.532490644708446,0,0,0,0,0,6,6,1,1
579,1954,3,26,6,19807.25,53.51458434042148,-48.29214711299601,240,253,,,,10.36327641483474,,0.0,0,0.0,,0.0,0.0,0.0,0,3,0,0,0,6,6,0,0
583,1954,3,24,18,19805.75,33.70470199858626,55.48535239669346,558,223,999.362965389751,1007.362965389751,8.0,9.875171903202185,9.467274073328227,562.4237276245926,993750,,,,,,3,0,0,0,0,6,6,1,1
583,1954,3,24,21,19805.875,33.992674035268564,55.87914525701159,558,225,998.8178523588009,1008.8178523588009,10.0,10.184810423287882,12.130861502691404,1006.1930141594698,3180625,-0.5451130309501605,-6.7550391302347865,12.10160441549813,10.673676498190892,16.136176728619343,0,0,0,0,0,5,5,1,2
583,1954,3,25,0,19806.0,34.70021009509391,56.00820207688672,556,227,998.6268387709923,1008.2084411896399,9.581602418647526,10.300633424260834,4.716872622575902,696.8654964260647,1525625,-0.19101358780855662,-2.324647020586163,3.9327057953124918,26.22480675688672,26.5180441267552,0,0,0,0,0,4,6,2,0
583,1954,3,25,3,19806.125,37.30424810029411,61.11723362760407,558,250,999.6668060127357,1009.6668060127357,10.0,13.614530984938662,4.392931806537381,746.3526651802308,1750000,1.4583648230959079,16.67171289038605,19.44832961778191,13.650840222381223,23.760954604116264,0,0,0,0,2,4,4,1,1
583,1954,3,25,6,19806.25,37.98579118515139,61.318086521694255,556,252,1001.2159366732001,1011.2159366732001,10.0,12.875488879460734,4.690133461848018,1101.6153780134434,3812500,1.5491306604642887,17.438317304891896,5.867566162941359,25.261377775270677,25.93386858494956,0,0,0,1,0,5,5,1,3
583,1954,3,25,9,19806.375,37.782465883509175,62.00997455040659,558,254,1000.6616441027098,1004.6616441027098,4.0,12.20821328283169,6.674764326884178,322.25548927436705,326250,-0.5542925704902154,-6.268107738431849,20.26814036790496,-7.5362473336965135,21.623888129745456,0,0,0,2,0,6,6,1,1
583,1954,3,25,12,19806.5,39.140342617419876,63.02611737565151,555,260,999.5694294558753,1003.5694294558753,4.0,12.52198564148632,6.648427133258739,313.8106451956502,309375,-1.092214646834618,-11.98799179087624,29.21159082345737,50.329667939851305,58.192718731580115,0,0,0,0,0,7,7,1,1
583,1954,3,25,15,19806.625,39.47526221201078,63.72877075757272,555,263,1001.1474719819162,1005.1474719819162,4.0,11.515359016345789,7.684001908922,290.09166854606434,264375,1.5780425260409539,17.19714539034704,20.10315943739174,12.413786584120263,23.627084388922743,0,0,0,0,0,9,9,1,1
583,1954,3,25,18,19806.75,40.14069600002754,63.97040780848655,553,265,1003.0916365788831,1009.0916365788831,6.0,10.688197534595941,8.235188741763487,777.2978532792996,1898125,1.9441645969670207,20.893844639447256,6.846742254939172,24.66428708177806,25.596971241885896,0,0,2,0,0,10,10,1,2
583,1954,3,25,21,19806.875,40.80329482484557,64.21812310678558,551,267,1002.8729944232801,1007.5964907842676,4.723496360987483,10.66466693222502,5.252089860210836,617.7167441981957,1198750,-0.2186421556030109,-2.318103181436683,6.950049316352369,24.55920924013753,25.523674186930588,0,0,0,0,0,12,8,2,0
583,1954,3,26,0,19807.0,41.001476173139864,65.30985393213503,552,271,1003.774183738265,1005.774183738265,2.0,9.458616397242695,3.6736822415291677,273.5010479928565,235000,0.9011893149848038,9.516579157034403,30.538422474224276,7.345586828634161,31.409439553599327,0,0,0,2,0,11,11,1,2
583,1954,3,26,3,19807.125,41.82971476736084,66.69316821805621,551,277,1005.2611177067243,1005.2611177067243,0.0,9.042380247738475,5.248347710565286,14.104739588693906,625,1.4869339684593432,15.446824467956988,38.20428417140814,30.69864324286479,49.00993803303973,0,0,0,0,0,8,8,1,1
583,1954,3,26,6,19807.25,42.830564876898585,66.50702143075989,547,278,1005.3694483602052,1005.3694483602052,0.0,9.033615842010523,4.293383383055261,14.104739588693906,625,0.10833065348080709,1.1040023083833617,-5.059885860648943,37.09648483741612,37.439973720816624,0,0,0,3,0,7,7,1,1
583,1954,3,26,9,19807.375,44.034743005606664,68.38522105721376,545,286,1005.959391912385,1005.959391912385,0.0,8.106354015785316,11.093524304589883,14.104739588693906,625,0.5899435521797568,5.880134573017815,50.046728825089055,44.632832896225445,67.05792151889577,0,0,0,0,0,8,8,1,1
583,1954,3,26,12,19807.5,44.034743005606664,68.38522105721376,545,286,,,,8.106354015785316,,0.0,0,0.0,,0.0,0.0,0.0,0,3,0,0,0,8,8,0,0
586,1954,3,24,21,19805.875,40.32539198494849,-102.5143281088752,150,406,989.3937115620164,995.3937115620164,6.0,19.25182492236885,29.29172497621141,186.05429348039038,108750,,,,,,3,0,0,0,0,16,16,1,1
586,1954,3,25,0,19806.0,38.530352082504514,-101.30993247402021,142,403,992.3718227452154,1012.3718227452154,20.0,15.543939350351856,7.9688239532944865,1718.927432587262,9282500,2.9781111831989255,33.1224829446197,34.92135259466396,-66.53311009210476,75.1409050089828,0,0,2,0,0,13,13,1,2
586,1954,3,25,3,19806.125,38.88734734879031,-99.26998349910895,142,395,993.3745033481854,1003.3745033481854,10.0,15.85403606613451,6.470997072706086,608.1416767578027,1161875,1.0026806029700674,11.06542300248859,58.852735739514486,13.232020815701167,60.32189386029151,0,0,0,2,0,13,13,1,1
586,1954,3,25,6,19806.25,39.728069216233564,-96.74839904416952,144,385,992.3150417103866,1006.3150417103866,14.0,17.793831598489106,6.5080362042412165,774.220449497332,1883125,-1.059461637798813,-11.484356965346455,71.87835381745033,31.16133545961002,78.34236768909226,0,0,0,0,0,13,13,1,1
586,1954,3,25,9,19806.375,42.21747080244471,-93.74040624163241,153,373,988.6436502223338,1010.6436502223338,22.0,22.761064022939944,9.773482962965645,962.8486607511537,2912500,-3.671391488052759,-37.85442500772317,82.56605651661688,92.26960892253194,123.81774678705052,0,0,0,0,0,14,14,1,1
586,1954,3,25,12,19806.5,43.76346537122374,-92.14223484968248,159,367,987.2185826974033,1011.2185826974033,24.0,24.778690917761686,12.328322549551158,1005.3028840272643,3175000,-1.4250675249304914,-14.274111464668925,42.779792711585785,57.30225088942352,71.50984982113084,0,0,0,0,0,14,14,1,1
586,1954,3,25,15,19806.625,44.52912221051256,-90.43514945229757,162,361,984.3992945257346,1010.3992945257346,26.0,27.638783163509654,10.7293226730459,960.8837669624032,2900625,-2.819288171668741,-27.853115016896837,45.10618384030823,28.379052026541796,53.29107255967785,0,0,0,0,0,15,15,1,1
586,1954,3,25,18,19806.75,45.49161424468531,-88.66778014613037,166,355,982.0523370412782,1010.0523370412782,28.0,29.396301187257272,7.955810664374656,973.329234511379,2976250,-2.3469574844563614,-22.800599150745292,45.920725631951804,35.67474371193696,58.14980981462778,0,0,0,0,0,13,13,1,1
586,1954,3,25,21,19806.875,46.84111873462998,-85.88181029601122,172,346,980.0011960018287,1008.0011960018287,28.0,31.158074373724187,5.968921784725462,922.324872713612,2672500,-2.051141039449576,-19.481160895699375,70.62989518133503,50.0193509219667,86.54777617005087,0,0,0,0,0,15,15,1,1
586,1954,3,26,0,19807.0,46.84111873462998,-85.88181029601122,172,346,,,,31.158074373724187,,0.0,0,0.0,,0.0,0.0,0.0,0,3,0,0,0,15,15,0,0
590,1954,3,25,0,19806.0,70.29502538016416,92.29061004263853,447,363,990.9676050861855,990.9676050861855,0.0,10.787211796147858,19.289511395033696,14.104739588693906,625,,,,,,3,0,0,0,0,11,11,1,1
590,1954,3,25,3,19806.125,70.58536342042585,101.70057946281582,444,377,990.67309574335,990.67309574335,0.0,13.090823074448979,10.915475620863072,14.104739588693906,625,-0.2945093428355176,-2.163438508831387,115.81938999773733,10.761372363007588,116.3182626872637,0,0,0,0,0,11,11,1,1
590,1954,3,25,6,19806.25,71.22238072387962,107.78388844269253,439,385,990.6341958738922,990.6341958738922,0.0,13.456070719331796,6.192557182842865,14.104739588693906,625,-0.038899869457818564,-0.2846570528158057,72.5497866722093,23.611030776285435,76.29516577412868,0,0,0,0,0,14,14,1,1
590,1954,3,25,9,19806.375,72.02217687028704,113.19859051364818,433,391,991.8260924206012,991.8260924206012,0.0,13.4416359651727,5.595394942730199,14.104739588693906,625,1.191896546709031,8.68157001971623,61.92367399139187,29.644424610124474,68.65372030019594,0,0,3,0,0,15,15,1,1
590,1954,3,25,12,19806.5,72.96511484068829,117.07208023799276,427,394,988.9565795978541,992.9565795978541,4.0,17.173808948997934,6.417085653442118,193.39444569737623,117500,-2.869512822747056,-20.792820464553834,42.052305207897625,34.94997281637891,54.679950376383836,0,0,0,0,0,16,16,1,1
590,1954,3,25,15,19806.625,73.74124427073573,120.28492834940222,422,396,986.8878769853603,994.8878769853603,8.0,18.979192293085912,8.468759888503774,309.98354293693046,301875,-2.0687026124937984,-14.929465011137449,33.336641446754335,28.767218346936215,44.03276637198442,0,0,0,0,0,16,16,1,1
590,1954,3,25,18,19806.75,74.51575535379938,121.96134341697704,418,396,986.5494809048865,996.5494809048865,10.0,19.628392186163794,8.421008466611529,364.81957343404355,418125,-0.338396080473758,-2.4327771333141404,16.58818433544832,28.707234355552924,33.15528862627275,0,0,0,0,0,16,16,1,1
590,1954,3,25,21,19806.875,75.46186428171758,124.3034892642219,413,396,985.3707118451559,995.3707118451559,10.0,21.052245114538145,9.153448993715356,341.4395932149834,366250,-1.1787690597306937,-8.436894432315043,21.790397700337813,35.06750427920876,41.28621184258992,0,0,0,0,0,17,17,1,1
590,1954,3,26,0,19807.0,76.27549703471959,124.33965170546468,410,394,984.1817717298783,994.1817717298783,10.0,22.64299098220382,10.4514925230456,305.45799283636967,293125,-1.1889401152776555,-8.479322521324658,0.3180052499663942,30.157278095223273,30.158954714174687,0,0,0,0,0,18,18,1,1
590,1954,3,26,3,19807.125,76.9597844841669,125.19390724010293,407,393,983.9907559996744,993.9907559996744,10.0,22.524681863609572,11.041686983598337,309.01936161855167,300000,-0.19101573020379875,-1.3584270054202607,7.144206204570769,25.363097581695364,26.350074027069237,0,0,0,0,0,15,15,1,1
590,1954,3,26,6,19807.25,77.82149336118067,126.76438067579052,403,392,984.0828627523886,994.0828627523886,10.0,22.559874003376613,10.476415891095604,318.5298670785572,318750,0.0921067527141713,0.6528260876573735,12.279412148138118,31.93921845617018,34.218381584972775,0,0,0,0,0,15,15,1,1
590,1954,3,26,9,19807.375,78.49510391562205,127.87498365109822,400,391,985.8584072368773,995.8584072368773,10.0,21.394170507098252,9.272734100736344,349.50167213195084,383750,1.775544484488637,12.553563441363442,8.210199329162142,24.967358729370197,26.282624962998515,0,0,0,0,0,13,13,1,1
590,1954,3,26,12,19807.5,79.30390025792116,128.1909498203866,397,389,991.1428803779845,997.1428803779845,6.0,17.184857667188858,5.323669481920296,307.4056724603709,296875,5.284473141107301,37.25926752545822,2.1736073937374463,29.978016650778766,30.056713915803886,0,0,0,0,0,11,11,1,1
590,1954,3,26,15,19807.625,80.11174137915786,128.55839990066497,394,387,992.9217660448921,996.9217660448921,4.0,16.319079687875828,4.124773834863227,257.00058634784585,207500,1.7788856669075903,12.510328125770133,2.338839865628756,29.942611405457715,30.033816768690937,0,0,0,0,0,12,12,1,1
590,1954,3,26,18,19807.75,81.09200118440539,129.8978347476418,390,385,995.4852015992257,999.4852015992257,4.0,14.876095073620625,2.9339845080603846,307.7290872499344,297500,2.563435554333555,17.976834432520967,7.687446878493916,36.33330571236934,37.13766206289993,0,0,0,0,0,10,10,1,1
590,1954,3,26,21,19807.875,81.72429563053524,129.50767544287257,388,383,997.5670955808032,999.5670955808032,2.0,13.78589287590633,2.558345053948069,214.37348207692287,144375,2.08189398157745,14.575561199075924,-2.0814983782367116,23.435978185056918,23.52823216880235,0,0,0,0,0,10,10,1,1
590,1954,3,27,0,19808.0,83.18274072411718,132.33699923393286,382,380,998.698093360651,1000.698093360651,2.0,13.14025293673103,2.7477915518771625,220.774095676764,153125,1.1309977798478212,7.8915775341316285,12.447004145447032,54.057231731987216,55.471724461409536,0,0,0,0,0,10,10,1,1
590,1954,3,27,3,19808.125,84.14129741107415,135.0,378,378,1000.3632635038789,1002.3632635038789,2.0,11.923037382589559,2.4705014299652976,242.25685803530186,184375,1.6651701432278787,11.597213480737286,10.074373881848771,35.52888016361002,36.929586171407855,0,0,0,0,0,10,10,1,1
590,1954,3,27,6,19808.25,85.39796650894654,138.94518622903757,373,375,1001.4848796452335,1003.4848796452335,2.0,12.038635123564841,2.6023752622530445,231.33492951703124,168125,1.1216161413546069,7.795918369074095,11.730217202301331,46.57840938480149,48.03276190717466,0,0,0,0,0,9,9,1,1
590,1954,3,27,9,19808.375,86.79876205944544,143.53076560994816,368,371,1001.7345995126946,1005.7345995126946,4.0,13.035446751844374,2.249208815673628,357.93816391798146,402500,0.24971986746109906,1.7328139483106366,9.48880941450287,51.92045282725003,52.780402858366415,0,0,0,0,0,8,8,1,1
590,1954,3,27,12,19808.5,88.50684967629154,167.0053832080835,361,366,999.360911380296,1005.360911380296,6.0,14.625615621110555,2.8983760173557673,421.7293550432469,558750,-2.373688132398529,-16.45097976163053,22.51407968444276,63.310225752559994,67.19425919583867,0,0,0,0,0,8,8,1,1
590,1954,3,27,15,19808.625,88.76385542349766,-174.8055710922652,359,365,998.7009862417087,1006.7009862417087,8.0,15.412697996019315,3.6932858558631416,474.1374875680072,706250,-0.6599251385872776,-4.573159773816421,-14.483122591034453,9.525911735938163,17.335046420122932,0,0,0,0,0,11,11,1,1
590,1954,3,27,18,19808.75,88.84776492591511,-119.05460409907714,355,362,999.0392017391828,1007.0392017391828,8.0,15.898882596280105,3.6770629293349337,433.8210693433022,591250,0.3382154974740115,2.343699610338977,39.93387828463845,3.110103655363592,40.05480470055277,0,0,0,0,0,12,12,1,1
590,1954,3,27,21,19808.875,88.31751448697356,-93.81407483429037,352,360,999.7659183130173,1009.7659183130173,10.0,16.100044293671292,3.7234717927303427,506.7901828316588,806875,0.7267165738345648,5.0370116609421505,27.24670452062518,-19.653719553783443,33.59541039387711,0,0,0,0,0,8,8,1,1
590,1954,3,28,0,19809.0,87.42333630262955,-87.51044707800085,348,359,1002.802553228263,1010.802553228263,8.0,13.76116795385495,2.6571172798108456,468.4387663163145,689375,3.036634915245668,21.059715979701288,10.498430408432977,-33.14269253843276,34.765717448915055,0,0,0,0,0,10,10,1,1
590,1954,3,28,3,19809.125,86.3044859203444,-91.73570458892839,343,360,1005.1474578496346,1009.1474578496346,4.0,12.34185628486561,1.4481669117314595,321.9466674599954,325625,2.344904621371679,16.27982694229103,-10.091830886572632,-41.47016206147765,42.68043336294047,0,0,0,0,0,9,9,1,1
590,1954,3,28,6,19809.25,84.48549150215422,-95.82634202955579,335,362,1006.5570881158192,1010.5570881158192,4.0,12.154354299984028,3.5064172897719987,335.5623969361227,353750,1.4096302661845401,9.811614131418596,-14.567223489351946,-67.42098363250655,68.97675720243336,0,0,0,0,0,12,12,1,1
590,1954,3,28,9,19809.375,83.83242208349927,-93.1221304621157,332,361,1007.7109060782092,1011.7109060782092,4.0,11.171675113285575,3.897609121305068,346.930721777772,378125,1.1538179623900213,8.040423962380986,10.767565118355796,-24.206002033714224,26.492847960047815,0,0,3,0,0,12,12,1,1
590,1954,3,28,12,19809.5,83.83242208349927,-93.1221304621157,332,361,,,,11.171675113285575,,0.0,0,0.0,,0.0,0.0,0.0,0,3,0,0,0,12,12,0,0
595,1954,3,25,0,19806.0,45.309844722664195,-163.71030698780015,305,546,999.456486618143,999.456486618143,0.0,9.30349072723832,3.6660170688508513,14.104739588693906,625,,,,,,3,0,0,0,0,22,22,1,1
595,1954,3,25,3,19806.125,43.490967620912414,-161.6548564005779,296,551,999.2253444013356,999.2253444013356,0.0,10.288954037637131,2.892126975684805,14.104739588693906,625,-0.23114221680734773,-2.3268042416908723,55.269672820817114,-67.41663530158553,87.17648449614813,0,0,3,0,0,24,24,1,1
595,1954,3,25,6,19806.25,44.49578847268118,-161.565051177078,297,547,999.4718059508492,1001.4718059508492,2.0,11.084243715401463,2.4547488822463492,268.3609728501569,226250,0.24646154951362406,2.436354499811743,2.374317077025373,37.243660301116996,37.31926599234305,0,0,0,0,0,26,26,1,1
595,1954,3,25,9,19806.375,45.49161424468531,-162.40757543781842,301,544,999.9789726674042,1001.9789726674042,2.0,10.591912043295462,2.6905557157967994,285.2507049171509,255625,0.5071667165549297,4.927104595355367,-21.891252801619256,36.91025788958678,42.91379832524972,0,0,2,0,0,25,25,1,2
595,1954,3,25,12,19806.5,47.00602246916844,-163.40330499339584,306,539,996.8801188374194,1000.8801188374194,4.0,13.089960206305546,4.272118942813467,320.39809346229345,322500,-3.0988538299847277,-29.35294507482089,-25.167296425309793,56.1315038104394,61.51535198128011,0,0,0,0,0,23,23,1,1
595,1954,3,25,15,19806.625,47.605460821242964,-163.82039746053533,308,537,997.3545222203614,1001.3545222203614,4.0,12.857935910858888,4.308119674266636,316.0217188583157,313750,0.4744033829419641,4.450475017622934,-10.423291993081303,22.21816786228717,24.541638069407743,0,0,0,0,0,22,22,1,1
595,1954,3,25,18,19806.75,48.2659111670477,-164.55168816755318,311,535,998.3645928608105,1002.3645928608105,4.0,12.538055966682558,5.144026704201387,302.84160209044046,288125,1.010070640449121,9.37761772511783,-18.043219174748007,24.479575918043867,30.41064608513386,0,0,0,0,0,22,22,1,1
595,1954,3,25,21,19806.875,48.68516862589583,-165.38580929367947,314,534,1000.129119038679,1004.129119038679,4.0,11.783945053630747,5.857842638962466,299.8708769569344,282500,1.7645261778685382,16.27626896936562,-20.410969783764013,15.539767460600583,25.65330505496842,0,0,0,0,0,25,25,1,1
595,1954,3,26,0,19807.0,49.50172275746063,-165.7674043894626,316,531,999.1049409843591,1003.1049409843591,4.0,13.429968565851823,5.242003719975328,292.14181185347104,268125,-1.0241780543199275,-9.331241222464136,-9.185338479313923,30.2655589202196,31.62869740809522,0,0,0,0,0,24,24,1,1
595,1954,3,26,3,19807.125,50.42572579621508,-166.80687112405755,320,528,999.2163733372065,1003.2163733372065,4.0,12.697016409297403,4.893531922961265,314.1274657157109,310000,0.11143235284733237,1.0015913590911785,-24.545018229901878,34.24815003788393,42.1354209771734,0,0,0,0,0,21,21,1,1
595,1954,3,26,6,19807.25,51.049419180022895,-167.6352586625334,323,526,999.9310609479493,1003.9310609479493,4.0,11.955848041665032,5.942048255388218,336.4505212867273,355625,0.7146876107428397,6.366946600027254,-19.302066243468193,23.117180020401765,30.116005269007655,0,0,0,0,0,23,23,1,1
595,1954,3,26,9,19807.375,52.033017087056805,-169.4332493990339,329,523,1000.0425853888744,1002.0425853888744,2.0,10.80476286168286,3.776745407600465,238.11540999374174,178125,0.11152444092513178,0.9800835881448212,-40.997894687983035,36.45703237345913,54.86294358058447,0,0,0,0,0,20,20,1,1
595,1954,3,26,12,19807.5,52.773369658467914,-171.7209488145402,336,521,999.3335570800133,1003.3335570800133,4.0,10.074301477928218,4.2358718198334095,360.98214589711955,409375,-0.7090283088611613,-6.169292918796042,-51.295314840329624,27.441149956389626,58.17410107167624,0,0,0,0,0,17,17,1,1
595,1954,3,26,15,19807.625,53.1878257575291,-173.77737808807652,342,520,997.459748692928,999.459748692928,2.0,9.876131438616953,3.9587674308844725,188.18069730433754,111250,-1.8738083870853006,-16.215412555116977,-45.66987361640995,15.361805177499273,48.1842548396289,0,0,0,0,0,16,16,1,1
595,1954,3,26,18,19807.75,53.51458434042148,-175.16204475884004,346,519,995.758205012145,997.758205012145,2.0,10.937145099565333,5.251866362407527,159.57691216057307,80000,-1.7015436807829247,-14.662337755294086,-30.516890968003086,12.111298885066242,32.8323650539585,0,0,0,0,0,16,16,1,1
595,1954,3,26,21,19807.875,53.81855285609086,-176.56997155993824,350,518,995.2809459037642,999.2809459037642,4.0,11.870358001922124,5.488477940535522,231.33492951703124,168125,-0.477259108380822,-4.09656432951224,-30.806479875894553,11.266585600704161,32.802060201180815,0,0,0,0,0,14,14,1,1
595,1954,3,27,0,19808.0,54.090259486089465,-177.63675335896122,353,517,994.4448601641998,998.4448601641998,4.0,12.770997504936929,6.165586559179647,216.68112103298049,147500,-0.8360857395644417,-7.1518359694624305,-23.19052949396048,10.07079959717828,25.282833360538866,0,0,0,0,0,16,16,1,1
595,1954,3,27,3,19808.125,54.57837508441853,-178.34238540489025,355,515,993.814587954979,999.814587954979,6.0,13.512277907833242,5.7552538493715835,302.5129621649952,287500,-0.6302722092208569,-5.35845525055927,-15.158637302567001,18.09199271675516,23.60306093145331,0,0,0,0,0,17,17,1,1
595,1954,3,27,6,19808.25,55.298477538707,-179.436453129186,358,512,994.7474998683177,1000.7474998683177,6.0,14.277496370440474,3.422866035805782,328.67372517988713,339375,0.9329119133387576,7.861788124150494,-23.08584061017366,26.690579860390972,35.289418951893374,0,0,0,0,0,13,13,1,1
595,1954,3,27,9,19808.375,56.23503299821814,179.0355156977735,362,508,996.6820603805733,1000.6820603805733,4.0,14.420381268137032,2.126511774926621,293.83933812094193,271250,1.9345605122555571,16.12249981837415,31.47717471415633,34.71340520630061,46.85971648444259,0,0,0,0,0,14,14,1,1
595,1954,3,27,12,19808.5,56.88506576755904,176.65662385567288,368,505,998.2888640588152,1004.2888640588152,6.0,14.158577946144549,1.896251340456729,390.8820095223359,480000,1.606803678241995,13.291042051400087,-48.16858225914828,24.093448701140563,53.858208168958114,0,0,0,0,0,14,14,1,1
595,1954,3,27,15,19808.625,57.240266362587825,174.23011494212037,374,503,999.2154423394335,1005.2154423394335,6.0,13.528541640536046,2.261242340813187,406.1087413230311,518125,0.9265782806182687,7.633681896087877,-48.664706472998205,13.165501369442907,50.414125822153025,0,0,0,0,0,16,16,1,1
595,1954,3,27,18,19808.75,57.33447654282045,172.20792192178158,379,502,1000.8772231998694,1004.8772231998694,4.0,11.72255541209824,1.5434485836607201,332.88380724771235,348125,1.6617808604358288,13.676249910261527,-40.45293297590275,3.4918980267127306,40.60336363137714,0,0,0,0,0,17,17,1,1
595,1954,3,27,21,19808.875,57.46318432658211,170.965004999527,382,501,1002.5121978067318,1006.5121978067318,4.0,10.530923210303103,2.0036296354293883,332.2856328070812,346875,1.6349746068625246,13.43632018355392,-24.777301955223336,4.77055085798697,25.23237697223459,0,0,0,0,0,14,14,1,1
595,1954,3,28,0,19809.0,57.25973850887107,169.0018782137326,387,501,1004.0981895000161,1006.0981895000161,2.0,7.940611633751353,2.045229666687446,214.83699284957805,145000,1.5859916932843043,13.063450793412413,-39.351294670525455,-7.540714258840608,40.06727796818755,0,0,0,0,0,18,18,1,1
595,1954,3,28,3,19809.125,57.25973850887107,169.0018782137326,387,501,,,,7.940611633751353,,0.0,0,0.0,,0.0,0.0,0.0,0,3,0,0,0,18,18,0,0
596,1954,3,25,0,19806.0,43.44000930920422,158.96248897457818,432,548,996.9436766288474,998.9436766288474,2.0,10.113697738946211,10.00481920680555,112.83791670955125,40000,,,,,,3,0,0,0,0,23,23,1,1
596,1954,3,25,3,19806.125,44.24207963229745,159.83210876235145,428,546,992.3912469203192,996.3912469203192,4.0,13.032408837516561,17.942533962052984,141.04739588693906,62500,-4.55242970852807,-45.20645756913168,23.091157703496826,29.728716913376196,37.643036187366995,0,0,0,0,0,23,23,1,1
596,1954,3,25,6,19806.25,44.94926236947306,160.4544482017703,425,544,990.0220801325778,996.0220801325778,6.0,14.629901636264123,21.378246136051093,198.47127856504602,123750,-2.3691667877414146,-23.233582325472206,16.32522678544532,26.21171086151358,30.87987719994706,0,0,0,0,0,25,25,1,1
596,1954,3,25,9,19806.375,45.648777952047375,161.09542415738835,422,542,987.6027316211553,995.6027316211553,8.0,16.773082841740226,15.03943589614406,268.3609728501569,226250,-2.419348511422577,-23.440758852689395,16.607931301258162,25.927527963692338,30.790584411721692,0,0,0,0,0,24,24,1,1
596,1954,3,25,12,19806.5,46.264022348334066,161.46987555114205,420,540,987.1072917193183,995.1072917193183,8.0,16.952684025873484,10.835440059979446,307.0819170546322,296250,-0.49543990183694403,-4.7506584191083485,9.595068802971774,22.80401850452483,24.740424517143456,0,0,0,0,0,24,24,1,1
596,1954,3,25,15,19806.625,46.645942235248086,161.94893675267235,418,539,986.0329998526745,994.0329998526745,8.0,17.518410681130437,11.838053981506892,300.86437789062944,284375,-1.0742918666437618,-10.236078465411433,12.189827437675389,14.155851269834034,18.681006882231095,0,0,0,0,0,23,23,1,1
596,1954,3,25,18,19806.75,48.0115105391665,160.37774386134916,421,532,983.8358113055464,991.8358113055464,8.0,20.368971768493175,13.60012674621721,275.6746004375086,238750,-2.1971885471281714,-20.480282562020165,-38.95827167976194,50.614755794114494,63.87174990848449,0,0,0,0,0,21,21,1,1
596,1954,3,25,21,19806.875,48.15635300200248,159.976667100778,422,531,982.3461154047674,992.3461154047674,10.0,23.099742226415245,13.087765349580371,296.19953136257203,275625,-1.489695900779043,-13.854172983841861,-9.917033371365434,5.368582343354668,11.276933415878414,0,0,0,0,0,24,24,1,1
596,1954,3,26,0,19807.0,48.238169731031995,160.2721367628164,421,531,979.87000638296,995.87000638296,16.0,26.31183278305817,10.60424034557218,476.43964736870475,713125,-2.4761090218073516,-22.998430820288327,7.294135907961729,3.0325350609114423,7.899410581775949,0,0,0,0,0,25,25,1,1
596,1954,3,26,3,19807.125,48.238169731031995,160.2721367628164,421,531,978.2297661994064,996.2297661994064,18.0,27.789268717503557,10.364931079290908,493.46434818596555,765000,-1.640240183553542,-15.234769575120962,0.0,0.0,0.0,0,0,0,0,0,22,22,1,1
596,1954,3,26,6,19807.25,48.0115105391665,160.37774386134916,421,532,978.7374145199068,996.7374145199068,18.0,27.140813850261015,9.919110896538987,498.4783394513965,780625,0.5076483205003024,4.73185656259234,2.618609694412978,-8.40111740426611,8.799766495307507,0,0,0,0,0,24,24,1,1
596,1954,3,26,9,19807.375,47.55720502726944,160.5857315227385,421,534,980.6970334437782,996.6970334437782,16.0,25.950072288732475,9.627164201305641,447.14471623758845,628125,1.9596189238714579,18.397738000969717,5.202484952189741,-16.83882268987104,17.6241822295015,0,0,0,0,0,21,21,1,1
596,1954,3,26,12,19807.5,47.18049085993163,161.07950534706987,420,536,984.5295270033589,996.5295270033589,12.0,23.037026246008377,9.262125231833124,341.7307997440064,366875,3.832493559580762,36.19952219975639,12.439491883248936,-13.962901401031246,18.70036293359935,0,0,0,0,0,18,18,1,1
596,1954,3,26,15,19807.625,47.029252358752764,161.4682678577908,419,537,985.3464000431217,995.3464000431217,10.0,22.212512955071166,9.547593544835108,299.2067103010745,281250,0.8168730397627223,7.7346569718687705,9.821845165320909,-5.605651348139102,11.308933171985386,0,0,0,0,0,17,17,1,1
596,1954,3,26,18,19807.75,46.56269064978698,162.61886807376635,416,540,987.1569129315502,997.1569129315502,10.0,20.24054657806027,10.787671751252782,315.07601583359167,311875,1.8105128884284931,17.274663274671344,29.322110999858225,-17.293098334536722,34.04170153643856,0,0,0,0,0,17,17,1,1
596,1954,3,26,21,19807.875,46.24111447302264,163.37278964748162,414,542,989.8367706265753,997.8367706265753,8.0,19.055588389860098,10.874788420081895,247.93869558672074,193125,2.67985769502513,25.706370632239942,19.32675687938841,-11.919213128649323,22.706632799275933,0,0,0,0,0,15,15,1,1
596,1954,3,27,0,19808.0,46.210585317619795,164.32301479633273,411,543,995.035959541974,999.035959541974,4.0,14.05307442444535,7.615416167552248,248.33956681952523,193750,5.199188915398699,49.89836793627059,24.37248998423967,-1.1315623985130492,24.39874385073116,0,0,0,0,0,17,17,1,1
596,1954,3,27,3,19808.125,45.870805376848594,165.0589710488419,409,545,994.933564439282,998.933564439282,4.0,13.309243963170294,6.454831764327318,261.22343281308076,214375,-0.10239510269195307,-0.988356287396157,18.993160586244027,-12.593935196448985,22.78919377220726,0,0,0,0,0,18,18,1,1
596,1954,3,27,6,19808.25,45.58208753106703,166.07165806084632,406,547,996.783424355631,1000.783424355631,4.0,11.104816632026177,5.61257328456697,300.2024092604617,283125,1.8498599163489415,17.943486632176043,26.27022533343033,-10.70131989421873,28.36622968509573,0,0,0,0,0,15,15,1,1
596,1954,3,27,9,19808.375,45.278563304498455,167.07164660897195,403,549,999.1032934287714,1001.1032934287714,2.0,9.664594037542324,5.52481124584985,133.80930871145785,56250,2.319869073140435,22.62027346868487,26.08069686390676,-11.250118036046496,28.40366005873142,0,0,0,0,0,17,17,1,1
596,1954,3,27,12,19808.5,44.909473892287416,167.7724958545656,401,551,1000.6213244824991,1002.6213244824991,2.0,7.631613353143401,4.568734323298777,151.91269449366246,72500,1.5180310537276092,14.897161763027693,18.39742638419484,-13.68029003869634,22.92630875445768,0,0,0,0,0,16,16,1,1
596,1954,3,27,15,19808.625,44.909473892287416,167.7724958545656,401,551,,,,7.631613353143401,,0.0,0,0.0,,0.0,0.0,0.0,0,3,0,0,0,16,16,0,0
600,1954,3,25,6,19806.25,74.52559325890539,-6.248371665038231,352,291,998.1159431506456,998.1159431506456,0.0,9.670594203600979,5.992349274384687,14.104739588693906,625,,,,,,3,0,0,0,0,9,9,1,1
600,1954,3,25,9,19806.375,75.48628763765956,-3.9909130984297803,355,295,997.6327073803993,999.6327073803993,2.0,12.076115816345276,10.381634949414655,100.72798827589244,31875,-0.4832357702462468,-3.4583185574595507,20.968073031707867,35.60811365780361,41.32309094114445,0,0,0,0,0,10,10,1,1
600,1954,3,25,12,19806.5,75.96903739931463,-1.3748347805694054,358,297,994.6286402029856,998.6286402029856,4.0,15.873402981533465,10.9841483168384,159.57691216057307,80000,-3.0040671774138175,-21.452836514105844,23.506845105222045,17.893108111638128,29.542090052934164,0,0,0,0,0,11,11,1,1
600,1954,3,25,15,19806.625,76.85164499327291,3.42387124493068,363,301,994.6235878578032,1000.6235878578032,6.0,17.569393613889027,10.266776250136681,227.86904174049369,163125,-0.005052345182339196,-0.03594602303355937,40.44806569266921,32.71382888870718,52.02153995065983,0,0,0,0,0,12,12,1,1
600,1954,3,25,18,19806.75,77.49000071855684,5.65948184016248,365,304,992.9756779408153,1000.9756779408153,8.0,20.707825961305808,16.704647743494277,228.7404370492034,164375,-1.6479099169878464,-11.69470800489383,17.94783672843682,23.66063934869344,29.697654749484276,0,0,0,0,0,11,11,1,1
600,1954,3,25,21,19806.875,77.68948446866986,6.801314823981574,366,305,993.8543562213408,1003.8543562213408,10.0,20.68405792911115,16.78236197611979,297.5398075802073,278125,0.8786782805254916,6.230932904133596,9.023320889746005,7.393860320199299,11.665740024273827,0,0,0,0,0,13,13,1,1
600,1954,3,26,0,19807.0,77.81320160233425,10.069062698889422,369,306,993.8339402872267,1003.8339402872267,10.0,20.886962615737016,22.01964547083553,309.34108930758305,300625,-0.020415934114134872,-0.14470677144582952,25.564858571562397,4.585572534162534,25.97286024391717,0,0,0,0,0,13,13,1,1
600,1954,3,26,3,19807.125,77.7264708232386,12.131321066632502,371,306,995.5129623342542,999.5129623342542,4.0,19.56023014884567,20.712563692575714,131.56025258885612,54375,1.679022047027538,11.904701118192,16.24817910745149,-3.2146742064554292,16.563135408535214,0,0,0,3,0,9,9,1,1
600,1954,3,26,6,19807.25,77.40545851133025,13.912494676520021,373,305,998.2227729566112,1004.2227729566112,6.0,16.71101078952375,14.313699124434788,327.76452917762373,337500,2.70981062235689,19.237008457680123,14.394942470935261,-11.89831349155005,18.675765919627974,0,0,2,0,0,9,9,1,2
600,1954,3,26,9,19807.375,77.3814058301446,30.43972438064312,388,311,998.1475017347069,1004.1475017347069,6.0,17.446245839115075,9.637126962691836,334.96900584947593,352500,-0.07527122190425871,-0.5344023209548859,133.38293695709814,-0.8915120400142825,133.3859162918586,0,0,1,0,0,9,9,1,1
600,1954,3,26,12,19807.5,77.52640546567544,33.26142879327767,390,313,999.1601336159271,1005.1601336159271,6.0,16.715001726481397,9.97448825883941,339.1009383412178,361250,1.0126318812201498,7.185324365213719,22.58740502979633,5.374407945446539,23.217991445087307,0,0,0,0,0,8,8,1,1
600,1954,3,26,15,19807.625,77.4577281310585,35.53767779197438,392,314,998.7123561424331,1004.7123561424331,6.0,16.869869048450113,8.382223024204869,346.6438835958035,377500,-0.4477774734939157,-3.1781362030205584,18.320435962231223,-2.5455237282915038,18.496433842703578,0,0,0,0,0,9,9,1,1
600,1954,3,26,18,19807.75,77.2301058439431,38.58121326976122,395,315,998.9351485539312,1004.9351485539312,6.0,16.91696089800781,7.178547135338014,339.6871115329872,362500,0.22279241149808512,1.582698144178802,24.931975200297757,-8.436814506154953,26.320775566071926,0,0,0,0,0,9,9,1,1
600,1954,3,26,21,19807.875,76.98307191211023,42.90474743537616,399,317,998.5233263657942,1004.5233263657942,6.0,17.397931897301596,6.7044383301147175,344.62933172080244,373125,-0.4118221881370118,-2.9284382511605567,36.08678860682409,-9.156306642956904,37.230286908556934,0,0,0,0,0,9,9,1,1
600,1954,3,27,0,19808.0,76.98307191211023,47.09525256462385,402,320,996.3911314507782,1002.3911314507782,6.0,18.966307229976113,6.805346329746316,277.1141642750141,241250,-2.132194915016007,-15.16188619245923,34.976926488319215,0.0,34.976926488319215,0,0,0,0,0,9,9,1,1
600,1954,3,27,3,19808.125,77.05318083141948,52.03794076318467,405,324,994.9148855020808,1002.9148855020808,8.0,20.40857936103201,6.516927597677205,311.90296402073676,305625,-1.4762459486974695,-10.494518992134632,41.03338142855254,2.5985853799069463,41.115581443508084,0,0,0,0,0,9,9,1,1
600,1954,3,27,6,19808.25,77.40144659786492,55.885527054658745,406,328,993.1617484322231,1003.1617484322231,10.0,22.039904337318006,9.098411581855471,324.7154905426913,331250,-1.7531370698576212,-12.445755458983227,31.100478164124375,12.908462117570464,33.67295853170506,0,0,0,0,0,8,8,1,1
600,1954,3,27,9,19808.375,77.4577281310585,58.157542740014804,407,330,992.7042867816999,1004.7042867816999,12.0,22.921338154378446,9.412914293753929,391.6447068515214,481875,-0.4574616505231825,-3.2468704190877964,18.286368312740656,2.0860736516344467,18.40497132160898,0,0,0,0,0,7,7,1,1
600,1954,3,27,12,19808.5,77.8007743590932,60.84308211768702,407,333,989.2365936002792,1005.2365936002792,16.0,25.774240984685896,16.767684437790596,404.8821944524756,515000,-3.467693181420764,-24.579928607203048,21.03199997923254,12.715000054003772,24.576742044049563,0,0,0,0,0,6,6,1,1
600,1954,3,27,15,19808.625,77.51021270240192,62.74467162505693,409,334,990.1152754736972,1006.1152754736972,16.0,25.468624935936877,17.222765832998338,476.8570277793392,714375,0.8786818734180997,6.235246374479907,15.24224418624425,-10.769660700503042,18.663107979033295,0,0,0,0,0,8,8,1,1
600,1954,3,27,18,19808.75,77.50616773466928,65.045249425421,410,336,992.286304070737,1004.286304070737,12.0,23.446925605643486,16.948802464096588,381.87133514830504,458125,2.1710285970396943,15.406155885489138,18.445849103528417,-0.149926630103458,18.446458390286043,0,0,0,0,0,8,8,1,1
600,1954,3,27,21,19808.875,75.86832973025976,77.61924307119283,421,346,993.1325994401107,1005.1325994401107,12.0,25.136520715242394,9.781279907328935,400.93202980407324,505000,0.8462953693736927,6.046283733963767,113.57310045132833,-60.70642558532861,128.7793432716387,0,0,0,0,0,7,7,1,1
600,1954,3,28,0,19809.0,76.40146204564684,79.06090881680785,419,348,994.6410311231704,1006.6410311231704,12.0,23.739904389463245,10.036579966667778,428.28270092709715,576250,1.5084316830597526,10.75213587890514,12.563252264777736,19.76053623376965,23.416107697791407,0,0,0,0,0,8,8,1,1
600,1954,3,28,3,19809.125,76.25706815127236,81.0760115563686,420,350,994.9646624724004,1006.9646624724004,12.0,23.981132997743856,10.857366647308954,436.1079648376247,597500,0.32363134922998144,2.3082662266970813,17.74288314173626,-5.351956164296947,18.53249408379414,0,0,0,0,0,8,8,1,1
600,1954,3,28,6,19809.25,76.25706815127236,81.0760115563686,420,350,996.3788170069015,1006.3788170069015,10.0,22.83796815874397,9.710745746688554,394.9327084834294,490000,1.41415453450114,10.086307025219151,0.0,0.0,0.0,0,0,0,0,0,11,11,1,1
600,1954,3,28,9,19809.375,75.84326231370127,82.25528945357709,422,351,998.6081954722139,1006.6081954722139,8.0,21.548766661459254,5.538499942030394,337.6310530587642,358125,2.229378465312329,15.929356911722307,10.69018681347708,-15.33770325126932,18.69559400316119,0,0,0,0,0,11,11,1,1
600,1954,3,28,12,19809.5,75.74697760554217,90.45113854678729,423,360,996.5624731323505,1012.5624731323505,16.0,23.929622314332697,10.492771365183653,535.9801043703685,902500,-2.0457223398632776,-14.623316158632258,74.73182620198058,-3.5687903535815733,74.81699079801892,0,0,0,0,0,12,12,1,1
600,1954,3,28,15,19809.625,75.71147760591268,94.05355423183141,423,364,999.0696903842476,1015.0696903842476,16.0,20.89761977142718,6.250013984096804,599.9075887722611,1130625,2.5072172518969453,17.92501765565748,32.94914327442787,-1.3158066182278048,32.97540582881956,0,0,0,0,0,12,12,1,1
600,1954,3,28,18,19809.75,75.64779393304579,96.73601121411936,423,367,1000.6812972736473,1014.6812972736473,14.0,19.290511032037532,7.325153933288603,520.5394227279542,851250,1.6116068893996998,11.525239655901892,24.643590182447554,-2.360433777630114,24.756376647219653,0,0,0,0,0,15,15,1,1
600,1954,3,28,21,19809.875,75.84326231370127,97.74471054642292,422,368,1003.1905730790817,1015.1905730790817,12.0,17.303196962142373,8.231129444232357,487.5835274530085,746875,2.509275805434445,17.92927962507922,9.143928121080464,7.2450307494394925,11.666271557091832,0,0,0,0,0,15,15,1,1
600,1954,3,29,0,19810.0,75.775439967977,99.53663575845941,422,370,1003.5036166932172,1015.5036166932172,12.0,18.626920328034373,8.224124673314437,470.1344778027556,694375,0.3130436141355312,2.2374291113844356,16.319717364238052,-2.513833585891092,16.512193498931843,0,0,0,0,0,17,17,1,1
600,1954,3,29,3,19810.125,75.91499926405119,101.48898120215921,421,372,1006.7495074573171,1014.7495074573171,8.0,15.27210037897678,5.339096776793013,405.12780090178586,515625,3.245890764099895,23.185237486545315,17.60969286409052,5.172761896512307,18.35371211514472,0,0,0,0,0,18,18,1,1
600,1954,3,29,6,19810.25,77.22614803749103,106.84380855172742,414,376,1009.0442562244099,1015.0442562244099,6.0,13.536297445526973,3.079106041832201,367.8066090054814,425000,2.294748767092824,16.30195328457666,43.86865851082943,48.597697227581484,65.46904135057613,0,0,0,0,0,12,12,1,1
600,1954,3,29,9,19810.375,77.72235581729362,106.44860812703982,412,375,1010.6316249635009,1016.6316249635009,6.0,12.951342992529199,5.262874615989713,382.6519928662906,460000,1.5873687390910345,11.255031314767935,-3.1148987693333026,18.39192922520332,18.653837539983083,0,0,0,0,0,16,16,1,1
600,1954,3,29,12,19810.5,78.00112945345917,105.72474572274743,411,374,1012.8705497874662,1016.8705497874662,4.0,11.401168760708591,4.681084443068248,311.2644721248978,304375,2.238924823965208,15.858200944651252,-5.577705846032352,10.332738007954847,11.742072953524781,0,0,0,0,0,16,16,1,1
600,1954,3,29,15,19810.625,78.36858817807901,107.38697217691553,409,375,1013.5938442835011,1015.5938442835011,2.0,10.874381688122378,4.551594957945199,199.47114020071635,125000,0.7232944960349414,5.116192985240984,12.421155310880145,13.619848643001838,18.43326819409095,0,0,0,0,0,14,14,1,1
600,1954,3,29,18,19810.75,78.60528002749435,103.07912378006682,409,371,1015.0761171800191,1017.0761171800191,2.0,9.69274373368492,5.987189572107163,236.438520044912,175625,1.4822728965179703,10.47597579175059,-31.53844198036742,8.77297761103493,32.735889459624005,0,0,0,0,0,16,16,1,1
600,1954,3,29,21,19810.875,78.82433021792603,103.3392489033634,408,371,1015.3589697440216,1017.3589697440216,2.0,9.399619487327262,5.089775089203176,259.6957972998228,211875,0.2828525640025327,1.997538273141659,1.8686986405353652,8.119089952176024,8.331365810037656,0,0,0,0,0,17,17,1,1
600,1954,3,30,0,19811.0,80.44323548267684,94.70785224437222,402,363,1015.8127867729513,1017.8127867729513,2.0,7.656019688946506,13.565941297043171,222.12166116452389,155000,0.45381702892977044,3.18838630537789,-53.06619644706323,60.00468405281814,80.10357865686672,0,0,0,0,0,16,16,1,1
600,1954,3,30,3,19811.125,80.44323548267684,94.70785224437222,402,363,,,,7.656019688946506,,0.0,0,0.0,,0.0,0.0,0.0,0,3,0,0,0,16,16,0,0
614,1954,3,26,0,19807.0,49.56811566347507,-81.04423500307271,185,332,978.7610251216436,1008.7610251216436,30.0,33.89767362981008,6.593463685787865,909.5096572989899,2598750,,,,,,3,0,0,0,0,14,14,1,1
614,1954,3,26,3,19807.125,50.584689474191705,-79.47221388003645,190,328,975.4977746731811,1007.4977746731811,32.0,36.69061754837548,8.601633330136174,867.0687184014544,2361875,-3.263250448462495,-29.264195892423245,36.99513243365865,37.679283437138466,52.805001885428986,0,0,0,0,0,12,12,1,1
614,1954,3,26,6,19807.25,51.56544550957548,-77.82201607623425,195,324,974.1898557169974,1004.1898557169974,30.0,37.72592512792303,9.094534154543217,789.487521043642,1958125,-1.307918956183712,-11.568124513943081,38.02031440701747,36.35169847023593,52.60218901604204,0,0,0,0,0,11,11,1,1
614,1954,3,26,9,19807.375,52.2779604771744,-76.17393819937126,199,320,973.3476458624774,1003.3476458624774,30.0,37.57734382055823,10.690638971468507,789.3615155331366,1957500,-0.8422098545200424,-7.376849258799566,37.373502931563664,26.40934985177076,45.76278489087855,0,0,0,0,0,10,10,1,1
614,1954,3,26,12,19807.5,53.18342701053171,-74.37142142886624,204,316,974.5555352680702,1014.5555352680702,40.0,35.96809477912613,10.871812411163482,1273.4947467918403,5095000,1.2078894055928686,10.453337011726772,40.035324750549734,33.56109491858936,52.24149997862374,0,0,0,0,0,9,9,1,1
614,1954,3,26,15,19807.625,53.891532401447485,-72.9371428265386,208,313,975.0176452956008,1009.0176452956008,34.0,34.41715530965862,10.414163553965627,1058.1375263412046,3517500,0.46211002753057984,3.9628432882266487,31.328376720090706,26.24590899983205,40.86948650452298,0,0,0,0,0,8,8,1,1
614,1954,3,26,18,19807.75,54.792612363608946,-72.50232182990572,212,313,976.2892503436461,1006.2892503436461,30.0,32.97350278656482,15.967837191032668,977.2050238058398,3000000,1.2716050480453123,10.782346782994246,9.291829242603644,33.39850676447508,34.66696330471407,0,0,0,0,0,8,8,1,1
614,1954,3,26,21,19807.875,55.39268651212678,-71.80328589358925,215,312,978.2986428874339,994.2986428874339,16.0,30.84173517210892,23.484930227331642,476.02190099520215,711875,2.0093925437876896,16.91421559809412,14.715349767422682,22.241733641912422,26.669012620930786,0,0,0,0,0,8,8,1,1
614,1954,3,27,0,19808.0,55.46542580377403,-70.96824172584881,216,310,982.2921333217175,994.2921333217175,12.0,27.237352449037473,24.876633342773786,307.4056724603709,296875,3.99349043428374,33.58611593349678,17.546061543100656,2.6960800662977724,17.751989280026166,0,0,0,0,0,8,8,1,1
614,1954,3,27,3,19808.125,55.75148264463373,-70.00063935668837,218,308,984.6069022483684,994.6069022483684,10.0,24.642293689827248,23.88635133632728,273.864504695398,235625,2.314768926650868,19.401289481649044,20.183593922014733,10.602689811855994,22.799002058318802,0,0,0,0,0,8,8,1,1
614,1954,3,27,6,19808.25,56.027061957414105,-69.01755457945309,220,306,987.7909031970438,993.7909031970438,6.0,20.80121904631946,19.103229317776567,179.5240261806447,101250,3.184000948675384,26.5999796762273,20.361436287327255,10.21434048979074,22.779834049533054,0,0,0,0,0,7,7,1,1
614,1954,3,27,9,19808.375,56.379061298757065,-68.37842601698078,222,305,991.3528693128058,995.3528693128058,4.0,17.52421933631596,13.50514682006433,168.66815371514653,89375,3.5619661157618974,29.635479284141578,13.1166126324813,13.046846979854566,18.500425483385733,0,0,0,0,0,6,6,1,1
614,1954,3,27,12,19808.5,56.379061298757065,-68.37842601698078,222,305,,,,17.52421933631596,,0.0,0,0.0,,0.0,0.0,0.0,0,3,0,0,0,6,6,0,0
620,1954,3,23,15,19804.625,67.80127374210056,21.747407825138392,396,268,993.2309841882396,993.2309841882396,0.0,10.337076351105647,4.060586377506915,14.104739588693906,625,,,,,,3,0,0,0,0,9,9,1,1
620,1954,3,23,18,19804.75,68.16582750977119,24.052529413048838,399,271,991.4845736010501,991.4845736010501,0.0,12.278076042982486,4.524017906059307,14.104739588693906,625,-1.7464105871896027,-13.034530328088577,31.77486012753835,13.512176484710515,34.52854832567669,0,0,0,0,0,9,9,1,1
620,1954,3,23,21,19804.875,68.79627881365992,27.517624817878456,403,276,989.6863692955095,989.6863692955095,0.0,13.210272197996153,6.073694566143385,14.104739588693906,625,-1.7982043055405665,-13.36299549279082,46.44639663065685,23.36766216295845,51.99341684227391,0,0,0,0,0,7,7,1,1
620,1954,3,24,0,19805.0,69.53757042268504,31.504266719204193,407,282,985.5388894402852,989.5388894402852,4.0,17.235695322617932,8.6740753456753,267.6186174229157,225000,-4.147479855224374,-30.669797614317595,51.648402663490984,27.475955362591392,58.50201381813465,0,0,2,0,0,11,11,1,2
620,1954,3,24,3,19805.125,70.05745338317833,33.95905981967627,409,286,980.1392284319605,988.1392284319605,8.0,22.3910426578544,15.79773184591155,303.16988576632997,288750,-5.399661008324619,-39.7963315123355,31.03148624953366,19.269449218602404,36.527589737666695,0,0,1,0,0,10,10,1,1
620,1954,3,24,6,19805.25,70.67248583077705,36.00285657893494,410,290,974.2803534049584,988.2803534049584,14.0,28.270300060301853,26.0442900130761,395.1844985686082,490625,-5.858875027002068,-43.01575331420771,25.070695087596576,22.796162631587755,33.88517054555041,0,0,0,0,0,10,10,1,1
620,1954,3,24,9,19805.375,70.94150583109327,38.29016319224307,412,293,970.8141786934101,988.8141786934101,18.0,31.816540184769835,24.701341957635158,449.5851173323102,635000,-3.466174711548374,-25.407031338292562,27.68151078939915,9.971219733693925,29.422631808885296,0,0,0,0,0,9,9,1,1
620,1954,3,24,12,19805.5,71.52116062845401,41.546683749468905,414,298,967.3494850447734,999.3494850447734,32.0,34.58947200876642,23.062774585926892,1030.418562576299,3335625,-3.4646936486367483,-25.309014834739322,38.252668446070395,21.48489089056425,43.87330828447338,0,0,0,0,0,9,9,1,1
620,1954,3,24,15,19805.625,71.22782173043788,43.543641365660314,417,299,963.5096172420255,993.5096172420255,30.0,38.641262474954075,21.326508479701005,770.3564071609353,1864375,-3.8398678027479036,-28.09804203138606,23.818092254138964,-10.872599082299248,26.182340029704925,0,0,0,0,0,12,12,1,1
620,1954,3,24,18,19805.75,71.07064288915339,45.96286362563621,420,301,962.0897000389108,1000.0897000389108,38.0,40.46591736877514,20.8383892807542,1044.417632566627,3426875,-1.4199172031146008,-10.39990969915749,29.086690977570747,-5.825829908901786,29.664387506775697,0,0,0,0,0,10,10,1,1
620,1954,3,24,21,19805.875,70.55903659224995,48.28386228790636,424,302,962.4570586225593,1000.4570586225593,38.0,39.57647717729536,21.13132465479961,1065.2580646234103,3565000,0.36735858364845625,2.699019697174779,28.631342622694707,-18.962674885024555,34.341473747835515,0,0,0,0,0,10,10,1,2
620,1954,3,25,0,19806.0,69.98312577713122,51.390495314646984,429,304,965.5436359469319,991.5436359469319,26.0,37.00664326667973,17.500422349047877,692.4263614741532,1506250,3.086577324372629,22.759281018403012,39.410291043476036,-21.34612028031152,44.81994970047394,0,0,0,0,0,9,9,1,2
620,1954,3,25,3,19806.125,69.92946662844413,55.50802214023241,433,309,966.4530565001301,990.4530565001301,24.0,36.05304952757254,17.414698440041903,657.4987560241926,1358125,0.9094205531981424,6.708022813696799,52.3643202731224,-1.9888750340234316,52.40207688219141,0,0,0,0,0,8,8,1,2
620,1954,3,25,6,19806.25,69.65564197310523,59.03624346792648,437,313,967.5309676688815,991.5309676688815,24.0,34.758514558693534,12.515050153339324,682.5877935485835,1463750,1.0779111687514524,7.964833490927344,45.458594442096704,-10.149304154627055,46.57780784315805,0,0,0,0,0,10,10,1,2
620,1954,3,25,9,19806.375,69.41018111523691,63.01469391820525,441,318,969.3547196209723,992.5536191433821,23.198899522409775,33.06566129660724,14.852599720819343,675.7038870650922,1434375,1.8237519520908245,13.497518070178907,51.84932255582422,-9.09800069492638,52.64148426994421,0,0,0,0,0,11,12,2,0
620,1954,3,25,12,19806.5,70.44883496822277,79.72464183512186,445,344,969.0438756005049,993.0438756005049,24.0,33.10522928853716,18.36932355214638,651.5718001092671,1333750,0.49025645712274124,3.6044160937028447,39.78288117885248,8.679354218177476,40.71865450300746,0,0,0,0,2,12,12,1,1
620,1954,3,25,15,19806.625,70.74936002035929,80.92294619907057,444,346,970.2305831999408,994.2305831999408,24.0,32.26846321188849,17.50176817602114,673.6397638877671,1425625,1.1867075994360494,8.70869517284887,14.643480705482407,11.138953709057745,18.398581926452017,0,0,0,0,0,13,13,1,1
620,1954,3,25,18,19806.75,70.09343064587725,77.92786265316414,446,341,971.5123754755164,995.5123754755164,24.0,32.50597684149617,6.363831800192274,701.7019347205415,1546875,1.281792275575426,9.444856092969728,-37.79461572186895,-24.31200622651387,44.93892104091722,0,0,0,0,0,12,12,1,1
620,1954,3,25,21,19806.875,69.91671083870736,78.69006752597979,447,342,972.7578224619871,994.7578224619871,22.0,31.068289398744213,8.074949831686826,681.1289592381717,1457500,1.245446986470779,9.187351877094068,9.70096474733826,-6.550115331632517,11.705243606469155,0,0,0,0,0,14,14,1,1
620,1954,3,26,0,19807.0,70.16815353751535,83.15722658736907,447,349,977.6713031196991,995.6713031196991,18.0,26.417613348431612,8.788954975682282,677.9084733043597,1443750,4.9134806577120616,36.18780653100296,56.16057030771165,9.31971748308806,56.92861135889405,0,0,0,0,0,15,15,1,1
620,1954,3,26,3,19807.125,69.7161867820846,83.30873556744771,449,349,979.4380498919827,993.4380498919827,14.0,25.641043763641964,6.12828470775683,596.9155123189383,1119375,1.7667467722835135,13.049628467837836,1.9467898975661893,-16.75213673863347,16.864876999703824,0,0,0,0,0,13,13,1,1
620,1954,3,26,6,19807.25,69.12073556844885,85.98041751216253,452,353,982.7452916822675,993.4746688042344,10.729377121966827,23.36884516006477,8.003968378045684,568.93001811571,1016875,3.3072417902848974,24.52362332362653,35.29000156391026,-22.07038467354688,41.62314368256104,0,0,0,1,0,13,14,2,0
620,1954,3,26,9,19807.375,69.6581612388885,97.950773426393,449,372,981.8296287254742,995.8296287254742,14.0,23.367444539349076,11.924612848582765,619.3249654676192,1205000,0.3549599212397879,2.622804792107333,48.31140064754279,-13.753618149682957,50.23100083349611,0,0,0,0,2,12,12,1,1
620,1954,3,26,12,19807.5,69.69346228405583,101.18537662781296,448,377,984.7793075058487,996.7793075058487,12.0,21.95155485806006,15.918865600875359,562.6005626321456,994375,2.9496787803745246,21.790252601930256,41.602255053268614,1.3084323759524679,41.622825718584444,0,0,0,0,0,10,10,1,1
620,1954,3,26,15,19807.625,69.93967684141779,103.9582900745114,446,381,985.4921671493955,997.4921671493955,12.0,21.744958371250434,24.080285720711036,564.5420919130127,1001250,0.7128596435468353,5.2578177272264135,35.250763256895205,9.125936548228864,36.41289645271263,0,0,0,0,0,10,10,1,1
620,1954,3,26,18,19807.75,70.1372011063441,106.7925091209847,444,385,987.4958379546956,999.4958379546956,12.0,20.53853900921453,21.144112392832902,594.2432414299238,1109375,2.0036708053000623,14.759922088472146,35.68959918468085,7.321232049666989,36.4327864524283,0,0,0,0,0,11,11,1,1
620,1954,3,26,21,19807.875,70.21725630846828,108.22884978553789,443,387,989.1895230670713,999.1895230670713,10.0,19.653755800813826,33.188903385871384,518.0492474550161,843125,1.6936851123756786,12.470148578185661,18.018201397797558,2.967244109237936,18.260890427780378,0,0,0,0,0,11,11,1,1
620,1954,3,27,0,19808.0,69.56514583955897,109.63259553753042,445,390,993.0101353789365,1001.0101353789365,8.0,17.44682260219964,19.867749352049067,537.8327891357311,908750,3.8206123118652613,28.2476068799378,18.165397976555607,-24.170458584839896,30.235620579841108,0,0,0,0,0,11,11,1,1
620,1954,3,27,3,19808.125,70.70426021402675,119.70345268556993,434,402,994.3396886543258,1002.3396886543258,8.0,15.369198870942268,5.122225806756105,586.153336081634,1079375,1.3295532753891894,9.759659026252402,123.20547533382984,42.22124643623589,130.23909859510053,0,0,0,0,0,12,12,1,1
620,1954,3,27,6,19808.25,71.8218576759846,123.3952376436212,427,404,995.7883277809253,1003.7883277809253,8.0,14.83013554078016,10.178852713429732,626.3520852695567,1232500,1.4486391265995917,10.563687957354,42.68237684595678,41.42372260018241,59.4786523660139,0,0,0,0,0,11,11,1,1
620,1954,3,27,9,19808.375,73.03097717851897,128.00807465333222,419,406,997.9881582880068,1003.9881582880068,6.0,14.40555645828667,8.52496074656039,565.2464491325708,1003750,2.1998305070814967,15.934623499329046,49.88742718003366,44.81598479627165,67.06137400846193,0,0,0,1,0,11,11,1,3
620,1954,3,27,12,19808.5,73.56088751183917,129.45468269113798,416,406,1000.4981490440872,1005.9183813482023,5.420232304115052,12.717885521559454,7.061400120737379,588.0171033797764,1086250,2.5099907560803696,18.130898842617402,15.17346175247636,19.641113547244522,24.819494010346286,0,0,0,0,0,10,11,2,0
620,1954,3,27,15,19808.625,74.4177089211011,132.0792784789996,411,406,1001.4671146124701,1006.1677908203206,4.700676207850483,11.972580429990401,5.8043247469316706,592.2311253545902,1101875,0.9689655683829915,6.969344177939057,26.129594891609134,31.75806458345541,41.12578747314793,0,0,0,0,0,12,14,2,0
620,1954,3,27,18,19808.75,75.55629094134511,135.0,405,405,1003.3241595784935,1005.3241595784935,2.0,10.978311551508565,4.4088286904101555,223.4611004069437,156875,1.8570449660233863,13.285910554949524,26.999530915749244,42.201514739949225,50.099326502625274,0,0,0,2,0,14,14,1,1
620,1954,3,27,21,19808.875,78.08982756389919,138.05288251479243,395,399,1004.776130744838,1006.776130744838,2.0,10.325247154847734,3.993867650898318,225.6758334191025,160000,1.4519711663444468,10.28087428887425,23.350050782492332,93.90547296540149,96.7649870790087,0,0,0,0,0,11,11,1,1
620,1954,3,28,0,19809.0,79.33694353593377,140.11731484997264,390,396,1006.2083412981979,1008.2083412981979,2.0,9.12426251816113,3.669409610992152,207.2964896828013,135000,1.4322105533599097,10.096997631771922,14.157640363619018,46.22432300921397,48.34383950748764,0,0,0,0,0,13,13,1,1
620,1954,3,28,3,19809.125,80.25023016140298,142.4715591765924,386,394,1007.8541315335987,1009.8541315335987,2.0,8.241694866663218,3.110393016625094,200.96160531198103,126875,1.645790235400782,11.56947009758091,14.776083962199529,33.85094644150162,36.9353385288856,0,0,0,0,0,10,10,1,1
620,1954,3,28,6,19809.25,81.32665329165046,144.46232220802563,382,391,1008.4886475087156,1010.4886475087156,2.0,8.23227084115634,3.0169205108188906,198.97183743964612,124375,0.6345159751169558,4.446909846790538,11.126692023234511,39.89759700212495,41.42006182906877,0,0,0,0,0,13,13,1,1
620,1954,3,28,9,19809.375,82.50860762502774,148.44861505168652,377,388,1009.8729214350678,1011.8729214350678,2.0,7.996365522820086,3.4377067894714854,190.28334018879895,113750,1.38427392635218,9.673096194227886,19.259659676431408,43.809108465701485,47.85574652444109,0,0,0,0,0,13,13,1,1
620,1954,3,28,12,19809.5,82.50860762502774,148.44861505168652,377,388,,,,7.996365522820086,,0.0,0,0.0,,0.0,0.0,0.0,0,3,0,0,0,13,13,0,0
627,1954,3,23,12,19804.5,30.3858011825547,-5.766754440345475,334,107,1010.696547224785,1014.696547224785,4.0,7.686621927862021,5.945115152063226,379.78173623415614,453125,,,,,,3,0,0,0,0,0,0,1,1
627,1954,3,23,15,19804.625,30.71806701065821,-5.112255024295079,337,108,1006.3048186019851,1010.3048186019851,4.0,9.377457852603602,6.411827317646603,341.4395932149834,366250,-4.391728622800001,-59.56529523415299,20.855224374027085,12.315424794154385,24.22003450764441,0,0,0,0,0,0,0,1,1
627,1954,3,23,18,19804.75,30.740668840422806,-4.886169079807515,338,108,1004.3719962783765,1010.3719962783765,6.0,10.439646324215596,11.256708714026463,409.2805609899154,526250,-1.9328223236085613,-26.19760190231874,7.202410475472122,0.8377362675690445,7.250966743213699,0,0,0,0,0,0,0,1,1
627,1954,3,23,21,19804.875,30.740668840422806,-4.886169079807515,338,108,1005.2187083784837,1011.2187083784837,6.0,10.4864658540071,16.447182326811816,437.92888284027794,602500,0.846712100107252,11.476391933984276,0.0,0.0,0.0,0,0,0,0,0,0,0,1,1
627,1954,3,24,0,19805.0,29.985273868705324,-4.605237759990833,339,105,1005.9590095180403,1009.9590095180403,4.0,9.147810263385201,11.41333832390228,364.00067324663405,416250,0.7403011395565409,10.262482389242306,9.019009127551817,-27.998696155931402,29.415463825597428,0,0,0,0,0,0,0,1,1
627,1954,3,24,3,19805.125,29.39858013121702,-5.2347071292284575,336,103,1006.1400134709876,1010.1400134709876,4.0,7.6023277085257766,6.826538001624285,1347.50100445219,5704375,0.1810039529473579,2.554650106572471,-20.326781040776943,-21.745789034277944,29.76671577791228,0,0,0,0,0,0,0,1,1
627,1954,3,24,6,19805.25,29.161595264873103,-4.993743985823393,337,102,1005.3687407897196,1009.3687407897196,4.0,8.075207415866648,7.810138130385895,475.18530649802983,709375,-0.7712726812680194,-10.966169060212083,7.79924033326043,-8.783838276327458,11.746657594423683,0,0,0,0,0,0,0,1,1
627,1954,3,24,9,19805.375,29.893540024046548,-2.129390516394063,350,104,1005.4743387351211,1009.4743387351211,4.0,8.313826122883475,2.9675958755214378,458.7836224616476,661250,0.10559794540153235,1.467934815197848,92.03957814150722,27.129514601386735,95.95464817805059,0,0,0,0,0,0,0,1,1
627,1954,3,24,12,19805.5,30.043414930491274,-3.933596495628158,342,105,1003.3414406748898,1007.3414406748898,4.0,9.48357762043356,3.2712634753462777,429.210725202515,578750,-2.132898060231382,-29.515573728833452,-57.88763530087036,5.555109742660516,58.1535688069062,0,0,0,0,0,1,1,1,2
627,1954,3,24,15,19805.625,30.818787932302264,-6.490771634475678,331,109,998.8885834093774,1004.767085523617,5.878502114239673,12.32760936085416,11.270438308810407,486.3579280430509,743125,-4.45285726551243,-60.21632791798603,-81.39593042808406,28.739181352848135,86.3205539549266,0,0,0,0,0,2,3,2,0
627,1954,3,24,18,19805.75,31.55681681534398,-4.4868526385484175,340,111,996.094620310042,1004.094620310042,8.0,13.9400166837945,5.909755207821363,526.618921363093,871250,-2.6724652135749056,-35.37900212251737,-8.309577070030267,18.387221450843807,20.177685292548883,0,0,0,0,2,1,1,1,1
627,1954,3,24,21,19805.875,31.299155271831015,-4.46894225455147,340,110,995.8719945524975,1003.8719945524975,8.0,15.202265842033986,8.673523795748478,404.14447954668094,513125,-0.2226257575445925,-2.968964681163318,0.5672358223951494,-9.550218810015945,9.567049482332088,0,0,0,0,0,0,0,1,1
627,1954,3,25,0,19806.0,31.55681681534398,-4.4868526385484175,340,111,995.9892717508787,1003.9892717508787,8.0,15.464044139980997,16.13483804843803,396.94255713009204,495000,0.1172771983811981,1.5525553819654996,-0.5656791819511253,9.550218810015945,9.566957314427365,0,0,0,0,0,0,0,1,1
627,1954,3,25,3,19806.125,31.23407341214631,-5.153015268750277,337,110,995.8818317851064,1007.8818317851064,12.0,14.716874154579816,17.1440599210059,1042.2247773883453,3412500,-0.10743996577220968,-1.4355155598250613,-21.112414637340358,-11.962476347860033,24.26592038625558,0,0,3,0,0,0,0,1,1
627,1954,3,25,6,19806.25,33.513952053512476,-2.015789522720416,351,118,996.9824340779836,1008.9824340779836,12.0,14.34576766055327,10.417534702514386,1151.5032000104704,4165625,1.1006022928771564,13.810258224004356,96.94591620238906,84.50364609506902,128.60550871436772,0,0,0,0,0,0,0,1,1
627,1954,3,25,9,19806.375,34.004383122100705,-2.5103160229250507,349,120,997.6214719321849,1009.6214719321849,12.0,14.515852080597153,5.506109988016251,962.0218261969794,2907500,0.6390378542013059,7.916556224023019,-15.195138662823217,18.177815565293592,23.69230292116524,0,0,0,0,0,0,0,1,1
627,1954,3,25,12,19806.5,34.2474390892334,-2.7605514955151897,348,121,996.9391841248054,1008.9391841248054,12.0,14.441958724352839,8.682248721471915,1460.5728562683862,6701875,-0.6822878073796165,-8.399604713739329,-7.666827885544834,9.008863478614153,11.829618379426945,0,0,0,1,0,1,1,1,2
627,1954,3,25,15,19806.625,34.77859344036379,-2.300285115074953,350,123,997.1141729779765,1006.6584357743221,9.544262796345574,13.22036742340009,10.704377511163038,1486.294254216004,6940000,0.17498885317123494,2.125427813219764,14.0122345540725,19.687223036960795,24.164632587841744,0,0,0,1,0,1,2,2,0
627,1954,3,25,18,19806.75,36.08330138612121,1.11360060943307,364,128,997.6570896957641,1006.7516412516244,9.09455155586038,12.37556889175355,10.518030367487881,1416.034370797198,6299375,0.5429167177874479,6.3865660622217675,102.2559532933427,48.35896810702282,113.1144101355187,0,0,1,0,0,2,0,2,0
627,1954,3,25,21,19806.875,36.54963453764399,2.370367470868689,369,130,1000.6990638938155,1009.3230212593586,8.623957365543173,11.076214517897565,6.869517036366232,1593.0240323360697,7972500,3.0419741980514665,35.390000686453284,37.421003592137545,17.28462685850058,41.220017412421974,0,0,0,1,0,5,0,2,0
627,1954,3,26,0,19807.0,36.95250534574253,4.14825465234868,376,132,998.6414802847985,1008.6414802847985,10.0,13.872913377759785,11.191231576703357,878.2395134353143,2423125,-2.0575836090170196,-23.71336784282398,52.66005207010921,14.932396651250436,54.73625447340079,0,0,1,0,0,3,3,1,4
627,1954,3,26,3,19807.125,37.12153951801138,5.171620079515685,380,133,998.1345255939976,1004.1345255939976,6.0,14.271779631498216,7.663088937612191,478.93847384731384,720625,-0.506954690800776,-5.819784288370105,30.244417516871703,6.265247461952945,30.886536171839726,0,0,0,2,0,2,2,1,2
627,1954,3,26,6,19807.25,37.704410270584646,4.203490507279398,376,135,998.1454429258109,1008.1454429258109,10.0,14.3040491696937,3.907477152449792,840.741869426568,2220625,0.01091733181325253,0.12367394509222769,-28.390211522928066,21.604090191880722,35.675493315937686,0,0,0,0,0,1,1,1,2
627,1954,3,26,9,19807.375,38.29519309130997,2.701841305232507,370,137,1000.4464813230801,1004.4464813230801,4.0,12.273921184967206,4.203192529269436,403.65192058297936,511875,2.301038397269149,25.724902941451823,-43.68196077773575,21.897350804472676,48.86315247343119,0,0,0,0,0,1,1,1,1
627,1954,3,26,12,19807.5,37.605284662257915,0.1270414315235019,360,134,1002.1780515035524,1003.0084677071037,0.8304162035512854,9.124141834122147,5.338810635116243,230.04134101951155,166250,1.7315701804723358,19.659638751767332,-75.60433808777609,-25.571439053301813,79.81174370321374,0,0,0,1,0,2,1,2,0
627,1954,3,26,15,19807.625,37.30424810029412,7.987131273448091,391,135,1000.7005222240382,1002.7005222240382,2.0,9.953225711978535,9.407982152951298,131.56025258885612,54375,-0.3079454830655595,-3.520366507923248,31.386140091099893,13.650840222381694,34.226235968846204,0,0,0,2,2,1,1,1,1
627,1954,3,26,18,19807.75,37.44295463627242,8.775055744479678,394,136,1001.1493532866967,1003.1493532866967,2.0,9.79734310276678,11.157678950215704,109.25484305920791,37500,0.4488310626585735,5.114703798410201,23.187031073837154,5.141154364409248,23.750155330392555,0,0,0,0,0,2,2,1,1
627,1954,3,26,21,19807.875,38.224454902540856,8.638738905447491,393,139,1002.7173900915915,1004.7173900915915,2.0,9.69629864698881,8.702538355997968,137.4759960580849,59375,1.5680368048948004,17.557635981184454,-3.9692707219864856,28.966288260140576,29.23697942048694,0,0,0,0,0,2,2,1,1
627,1954,3,27,0,19808.0,38.64087849992762,9.228289504896008,395,141,1003.4000707755672,1005.4000707755672,2.0,9.059214927526625,8.245630576342956,251.5235374254831,198750,0.6826806839756319,7.574423570653511,17.067773911655404,15.434730454828149,23.01173201896338,0,0,0,1,0,1,1,1,2
627,1954,3,27,3,19808.125,39.29621441673596,9.871417026246023,397,144,1002.5806970994681,1004.5806970994681,2.0,9.135376664233103,4.691233071954339,292.14181185347104,268125,-0.8193736760990578,-8.963399260660362,18.44737919633579,24.29000973234932,30.500989689041685,0,0,0,0,0,1,1,1,2
627,1954,3,27,6,19808.25,40.475824498687764,10.364716645003927,398,149,1002.3028452811835,1010.3028452811835,8.0,9.987693347885424,3.4448667103100883,1109.4433474211044,3866875,-0.2778518182845437,-2.965542089901835,13.908358898590695,43.722218843937696,45.881094885466574,0,0,0,0,0,1,1,1,2
627,1954,3,27,9,19808.375,41.44896020864829,10.561010691196383,398,153,1002.1541611571057,1010.1541611571057,8.0,11.072520380203137,4.110198910155596,1012.9913600742087,3223750,-0.1486841240778449,-1.5561745944555359,5.453418981817239,36.06925129475365,36.479181289542844,0,0,0,0,0,1,1,1,2
627,1954,3,27,12,19808.5,42.175856150483455,10.713123022791036,398,156,1001.0040867740149,1009.0040867740149,8.0,11.494647731466877,5.137939223067733,903.1439992304458,2562500,-1.1500743830908322,-11.867515365464595,4.1782807934073185,26.942380310196157,27.264443643100478,0,0,1,0,0,0,0,1,1
627,1954,3,27,15,19808.625,43.33458712494427,11.254413325201856,399,161,999.8791126963356,1005.8791126963356,6.0,11.609973688064914,8.34172725804121,718.7883791576386,1623125,-1.1249740776792168,-11.35732347995404,14.592906389850617,42.94833523531629,45.359810585892596,0,0,0,0,0,0,0,1,1
627,1954,3,27,18,19808.75,42.79814804716488,14.00228035423215,409,161,1000.7465899353499,1006.7465899353499,6.0,11.225423478742234,10.446199895278623,792.1290066269493,1971250,0.8674772390142607,8.845897894746258,74.72904123686119,-19.883101300984713,77.32895525949979,0,0,0,1,0,1,1,1,2
627,1954,3,27,21,19808.875,44.328169911409454,12.66981426494965,403,166,1002.70525260951,1008.70525260951,6.0,9.856867975522281,11.819099825507365,827.8653113215183,2153125,1.9586626741601503,19.419937652625705,-35.329154194337484,56.71022298641545,66.81465802693477,0,0,0,0,0,0,0,1,1
627,1954,3,28,0,19809.0,44.51183570275275,13.01635267081047,404,167,1004.0345704642401,1010.0345704642401,6.0,8.413912529013782,17.321478957902727,989.3446821078871,3075000,1.329317854730034,13.137005524595104,9.159434064152974,6.807568065177607,11.41219590340053,0,0,0,0,0,0,0,1,1
627,1954,3,28,3,19809.125,44.51183570275275,13.01635267081047,404,167,,,,8.413912529013782,,0.0,0,0.0,,0.0,0.0,0.0,0,3,0,0,0,0,0,0,0
630,1954,3,24,18,19805.75,35.537234736153366,158.54003926951432,445,577,1002.4428723444643,1006.4428723444643,4.0,8.756811841153354,7.820337818881671,262.363322298001,216250,,,,,,3,0,0,0,0,18,18,1,1
630,1954,3,24,21,19805.875,36.31284137515101,159.83648506307173,439,576,1001.4018952228756,1005.4018952228756,4.0,10.642916514904774,14.605835099811593,219.87113035631398,151875,-1.0409771215886576,-12.17861644885718,38.72038894775972,28.747841109458687,48.225583342459174,0,0,0,0,0,23,23,1,1
630,1954,3,25,0,19806.0,36.73540131892783,161.01110371861108,434,576,996.8396805007412,1000.8396805007412,4.0,14.14856877634486,26.26529992641408,99.73557010035817,31250,-4.562214722134376,-52.84546291998263,34.89077443306424,15.662173983730812,38.24486677236075,0,0,0,0,0,26,26,1,1
630,1954,3,25,3,19806.125,37.28429508855157,162.68365507651868,427,576,993.446687093,999.446687093,6.0,15.45492380316474,27.11863743270289,165.69317331547472,86250,-3.39299340774116,-38.80570981947731,49.32349999405075,20.344734149655785,53.35462359799097,0,0,0,0,0,26,26,1,1
630,1954,3,25,6,19806.25,38.02383640518494,164.31831401743338,420,575,991.7787640451295,997.7787640451295,6.0,16.42145243040428,31.242863524668063,151.91269449366246,72500,-1.6679230478705722,-18.75959651493583,47.728326434688576,27.411080817889033,55.039626596308196,0,0,0,0,0,28,28,1,1
630,1954,3,25,9,19806.375,38.774184252611626,166.24692941347695,412,574,989.541511562824,995.541511562824,6.0,18.020999320530283,30.487398776106346,133.80930871145785,56250,-2.2372524823054847,-24.75061953364126,55.72940379507742,27.81162461750455,62.283648827118135,0,0,0,0,0,27,27,1,1
630,1954,3,25,12,19806.5,39.597548590003434,167.6568922473619,406,572,986.4094679414303,996.4094679414303,10.0,20.201187034497277,33.56234209798575,235.59559928678317,174375,-3.1320436213936773,-34.044148670123924,40.26821782851685,30.51797903267575,50.5259973807912,0,0,0,0,0,26,26,1,1
630,1954,3,25,15,19806.625,40.580164692393055,168.79529381632955,401,569,983.0016378587997,993.0016378587997,10.0,22.475936700794097,31.88407944068138,208.25398433773478,136250,-3.40783008263068,-36.29473996417787,32.04660212859339,36.42064180832564,48.51234747689215,0,0,0,0,0,25,25,1,1
630,1954,3,25,18,19806.75,41.09260294741557,170.33726585548607,395,568,979.755318556684,993.755318556684,14.0,24.893244186439016,22.89215146615905,306.7578199542485,295625,-3.246319302115735,-34.21864337612662,43.07281464689525,18.993511392364677,47.07463049900319,0,0,0,0,0,24,24,1,1
630,1954,3,25,21,19806.875,41.530112199285846,171.63808860919121,390,567,978.4382188215826,992.4382188215826,14.0,27.18617746740577,26.101626852831323,260.46073503106066,213125,-1.3170997351013647,-13.763118848240053,36.09373641865329,16.216269722676852,39.569245789853326,0,0,0,0,0,27,27,1,1
630,1954,3,26,0,19807.0,41.908973962008645,172.68724122661735,386,566,981.1280030998199,995.1280030998199,14.0,23.999182695481014,20.969546456482714,325.3275843762874,332500,2.6897842782373482,27.89938847410506,28.939657945857324,14.042501971463176,32.16668561791485,0,0,0,0,0,28,28,1,1
630,1954,3,26,3,19807.125,42.05117366811271,174.05599615953344,381,566,979.1870256323139,995.1870256323139,16.0,25.38740022937572,22.701516842698258,405.3732585437549,516250,-1.940977467506018,-20.077045756499952,37.67113185219888,5.270628629706646,38.03805595949978,0,0,0,0,0,24,24,1,1
630,1954,3,26,6,19807.25,42.38897064527153,175.13254082361263,377,565,978.2510379598325,996.2510379598325,18.0,26.124344232049843,17.031058691756336,478.1069828142386,718125,-0.9359876724814239,-9.618949012243505,29.470901869687655,12.52043669864277,32.02023410497618,0,0,0,0,0,26,26,1,1
630,1954,3,26,9,19807.375,42.70818895735562,176.22311813647582,373,564,977.5864015208823,995.5864015208823,18.0,26.44387097476503,13.905172784102179,477.6906945482662,716875,-0.6646364389501105,-6.788995981664599,29.70275597192405,11.831818931929842,31.972576555004807,0,0,0,0,0,23,23,1,1
630,1954,3,26,12,19807.5,42.49280913293436,176.79700759349305,371,565,983.1263884671497,997.1263884671497,14.0,19.95254820324016,11.928074962286045,569.1048314607837,1017500,5.539986946267309,56.820559293028126,15.684546255233467,-7.983047925746101,17.599262638454977,0,0,0,1,0,20,20,1,2
630,1954,3,26,15,19807.625,44.03474300560667,-178.99491399474581,356,559,982.5557114755823,996.5557114755823,14.0,20.206147692342228,11.528012049104436,579.3254579638584,1054375,-0.5706769915674522,-5.688099303302661,-112.11920005316757,57.15174128751898,125.84528816271872,0,0,1,0,0,18,18,1,2
630,1954,3,26,18,19807.75,43.793953905211076,-179.28562580424114,357,560,981.6151473878423,997.6151473878423,16.0,20.085351261187036,7.171386327161891,638.4634664521666,1280625,-0.9405640877399128,-9.415878935004235,-7.777912615854146,-8.924842118432524,11.838442950777363,0,0,0,0,0,20,20,1,2
630,1954,3,26,21,19807.875,44.73076069160093,-173.72414936069183,338,555,981.5294243150946,997.5294243150946,16.0,23.39272431254541,13.676347519698172,616.9110613925599,1195625,-0.6987533218733734,-6.8787562555943405,-12.529970079071875,29.018553263914047,31.608172736067058,0,0,0,0,2,17,17,1,1
630,1954,3,27,0,19808.0,44.84860038459244,-175.17572787739374,343,555,980.5687372029017,996.5687372029017,16.0,22.44173757477489,10.2731209720482,579.3254579638584,1054375,-0.9606871121929725,-9.437744330467822,-38.14415841635096,4.367725339336295,38.393408886572686,0,0,0,0,0,18,18,1,1
630,1954,3,27,3,19808.125,44.38234763176522,-175.5125672215242,344,557,979.8550466740427,991.8550466740427,12.0,21.117606057840263,8.853067524578146,460.7308382871884,666875,-0.713690528859006,-7.0693276313799425,-8.92283455665367,-17.281646882815252,19.449223519403827,0,0,0,0,0,19,19,1,1
630,1954,3,27,6,19808.25,43.87573893268756,-175.2720121811578,343,559,982.5754617554517,992.5754617554517,10.0,18.354489539377564,7.282130022788842,455.3013434827462,651250,2.72041508140901,27.193304576736317,6.427168860306595,-18.777439043811896,19.846932171067802,0,0,0,0,0,16,16,1,1
630,1954,3,27,9,19808.375,44.614394067128764,-172.56859202882748,334,555,984.9427455877484,992.9427455877484,8.0,18.83356284834263,2.5031999701481253,439.74226071262797,607500,2.3672838322966707,23.3522402856697,71.32563579437509,27.378234496605486,76.39969925086722,0,0,0,0,0,18,18,1,1
630,1954,3,27,12,19808.5,45.043869271803416,-170.12791269088652,326,552,981.4172465952734,987.4172465952734,6.0,22.72084875753447,6.9542247031356235,307.7290872499344,297500,-3.5254989924750406,-34.51627675696869,63.91609328279965,15.918487959818211,65.86854514457127,0,0,0,0,0,17,17,1,1
630,1954,3,27,15,19808.625,45.68152266800605,-171.19734418494474,330,550,983.4638505342575,987.4638505342575,4.0,19.465841987018077,6.059070489909718,274.22747967867946,236250,2.0466039389841897,19.818214982056887,-27.693042380351017,23.634607538468433,36.40740679830611,0,0,0,0,0,18,18,1,1
630,1954,3,27,18,19808.75,46.19786977944444,-171.40236086113723,331,548,984.1234171450886,986.1234171450886,2.0,18.820053955355053,6.1157597249926035,138.91557454041038,60625,0.6595666108310979,6.331430132178581,-5.2597555767561746,19.13839305984042,19.84800034361562,0,0,0,0,0,20,20,1,1
630,1954,3,27,21,19808.875,46.74729556888209,-171.9129124872469,333,546,985.550808605874,985.550808605874,0.0,17.526720131938504,4.290241636936698,14.104739588693906,625,1.427391460785293,13.577830084563464,-12.966745377179238,20.36445345104936,24.1422337416519,0,0,0,0,0,17,17,1,1
630,1954,3,28,0,19809.0,47.5624197526796,-172.70211725788414,336,543,,,,16.54244715265146,,0.0,0,2.7707415541794034,,-19.73867498685521,30.212557941190322,36.08897265906146,0,2,2,0,0,20,21,0,0
633,1954,3,26,21,19807.875,46.55501224856702,-58.62068753060029,198,261,994.6385213704311,994.6385213704311,0.0,14.9396126233892,7.325425742129955,14.104739588693906,625,,,,,,3,0,0,0,0,6,6,1,1
633,1954,3,27,0,19808.0,47.2621034025823,-56.60856748866696,204,257,993.9708715456637,993.9708715456637,0.0,15.499575343509026,9.76294671885902,14.104739588693906,625,-0.6676498247674317,-6.297928552095957,50.611430074467044,26.208316333915175,56.99467255139933,0,0,0,0,0,6,6,1,1
633,1954,3,27,3,19808.125,48.049657197848546,-54.789931099986376,210,254,992.6240825072891,994.6240825072891,2.0,15.38483247329196,6.170279410360817,260.46073503106066,213125,-1.3467890383745544,-12.54608198194332,45.060085489459034,29.190662164424843,53.68897523621531,0,0,2,0,0,5,5,1,2
633,1954,3,27,6,19808.25,48.64388684143533,-52.65397110251413,216,250,990.3693709287411,992.3693709287411,2.0,15.851648546839884,7.685443768080585,128.50029317392293,51875,-2.254711578548013,-20.811001924856,52.30839098206956,22.025107209551617,56.75626057736097,0,0,0,2,0,2,2,1,1
633,1954,3,27,9,19808.375,49.14150032653382,-50.913929040800575,221,247,988.8097032795996,994.8097032795996,6.0,16.211535802521016,8.827730361837967,391.3906395482003,481250,-1.5596676491414838,-14.287057244543565,42.19100969829469,18.44403165762322,46.046320191183625,0,0,0,0,0,2,2,1,1
633,1954,3,27,12,19808.5,49.72700808029908,-49.84011248884705,225,246,986.6360550261232,996.6360550261232,10.0,16.90863330750434,8.176709685101377,597.9145347958769,1123125,-2.1736482534764217,-19.73788628369786,25.7283390469626,21.70183057658261,33.65883064650577,0,0,0,0,0,1,1,1,1
633,1954,3,27,15,19808.625,50.29618128432216,-48.736459358178294,229,245,984.2924474988255,994.2924474988255,10.0,16.86403382486648,8.758748880798302,564.365865252901,1000625,-2.343607527297718,-21.104623293539177,26.13185460108681,21.09639088979858,33.584691951356625,0,0,0,0,0,3,3,1,1
633,1954,3,27,18,19808.75,50.67199930578836,-47.827124578161275,232,244,982.8650930329696,990.8650930329696,8.0,16.250415960823158,7.800751132375808,440.8718342681659,610625,-1.4273544658558968,-12.784241579151448,21.36037713224613,13.929685776212139,25.5010167847439,0,0,0,0,0,3,3,1,1
633,1954,3,27,21,19808.875,51.04662266964086,-46.426156335594484,236,242,981.5138414778812,987.5138414778812,6.0,16.08260135332663,7.7104721296591014,355.9875326987192,398125,-1.3512515550883837,-12.03838688375239,32.64528777934565,13.885405820972338,35.47561569598739,0,0,0,0,0,2,2,1,1
633,1954,3,28,0,19809.0,50.88192294811106,-46.18362869272872,236,241,980.2189142101315,986.0115799533143,5.7926657431827335,16.69531138233841,8.082630597819735,384.98446819881906,465625,-1.2949272677497357,-11.56351032704709,5.671520305990221,-6.104591151295265,8.332597176494964,0,0,0,1,0,3,2,2,0
633,1954,3,28,3,19809.125,50.72057423584508,-45.471559554076165,237,239,978.624690920415,982.3521206573771,3.727429736962076,17.969935149374944,8.997852421703136,312.5401515368078,306875,-1.594223289716465,-14.268912630045676,16.709311198571495,-5.980386074869678,17.747284252392024,0,0,0,0,0,2,1,2,0
633,1954,3,28,6,19809.25,50.21504938430966,-45.232908389920524,236,237,977.9001658901711,977.9001658901711,0.0,20.06771960908888,15.096627625764814,14.104739588693906,625,-0.7245250302438216,-6.53216996959567,5.660366439640828,-18.737266261160766,19.573576453286346,0,0,0,2,0,4,4,1,1
633,1954,3,28,9,19809.375,49.70252967025851,-44.079665033150945,237,233,978.6631786978194,978.6631786978194,0.0,20.43474250010351,15.858871951870167,14.104739588693906,625,0.7630128076481923,6.93107301179508,27.64527743034534,-18.99653066926938,33.54295070009873,0,0,0,0,0,4,4,1,1
633,1954,3,28,12,19809.5,49.70252967025851,-44.079665033150945,237,233,,,,20.43474250010351,,0.0,0,0.0,,0.0,0.0,0.0,0,3,0,0,0,4,4,0,0
634,1954,3,27,0,19808.0,57.787763285831375,-32.62604537194599,283,240,976.5611348700993,1004.5611348700993,28.0,29.657241942582687,7.195455197101547,931.6604912130944,2726875,,,,,,3,0,0,0,0,3,3,1,1
634,1954,3,27,3,19808.125,59.020646833794764,-33.05024277850615,285,245,971.8713873602677,1003.8713873602677,32.0,32.228997899459635,8.609229683043013,963.6747858801792,2917500,-4.68974750983165,-37.89749361776106,-8.093004229684825,45.696798559024145,46.40791005858514,0,0,0,0,0,3,3,1,1
634,1954,3,27,6,19808.25,60.11895725505814,-33.87081071038882,286,250,966.5630212070448,1000.5630212070448,34.0,35.2220746923475,14.350984252866475,899.6126308708031,2542500,-5.308366153222887,-42.41617674198011,-15.152348943978524,40.708848908444786,43.43735786130037,0,0,0,0,0,3,3,1,1
634,1954,3,27,9,19808.375,60.562160832145025,-34.973962909678704,285,253,961.9388236605711,999.9388236605711,38.0,38.20162150942003,20.471970262558752,919.0837069931306,2653750,-4.6241975464737335,-36.78696705180022,-20.095510425785687,16.42732974759439,25.955475374361008,0,0,0,0,0,4,4,1,1
634,1954,3,27,12,19808.5,60.61753881622747,-35.58901808245689,284,254,961.3564228807434,997.3564228807434,36.0,36.946282088964395,15.082807603852489,877.332943373369,2418125,-0.5824007798277308,-4.63066040685569,-11.185014322856771,2.0525836259237105,11.37179163298032,0,0,0,0,0,3,3,1,1
634,1954,3,27,15,19808.625,60.75191018360478,-35.22825264797915,285,254,958.6439809812717,994.6439809812717,36.0,37.9800406862749,11.00544851967301,851.2067189736307,2276250,-2.712441899471596,-21.538205020517367,6.533329773618716,4.980471446216246,8.215198948134374,0,0,0,0,0,5,5,1,1
634,1954,3,27,18,19808.75,60.75191018360478,-35.22825264797915,285,254,956.6193819289989,990.6193819289989,34.0,38.36324122179199,12.531276840265274,768.2876383178808,1854375,-2.0245990522728246,-16.076373647189296,0.0,0.0,0.0,0,0,0,0,0,4,4,1,1
634,1954,3,27,21,19808.875,60.88504019631612,-34.86425027445542,286,254,956.131650011383,988.131650011383,32.0,37.373180653479274,12.239623126720543,724.8518854787642,1650625,-0.4877319176158926,-3.86782391773591,6.564579411114382,4.934460665875659,8.21234466567867,0,0,0,0,0,3,3,1,1
634,1954,3,28,0,19809.0,60.88504019631612,-34.86425027445542,286,254,950.0621952293272,986.0621952293272,36.0,41.124503710284245,16.768231076276134,719.479987495406,1626250,-6.069454782055836,-48.13214293705516,0.0,0.0,0.0,0,0,0,0,0,4,4,1,1
634,1954,3,28,3,19809.125,61.26406105599917,-35.38027220030115,286,256,949.4509126009259,983.4509126009259,34.0,40.18532017389953,23.68358457444163,679.6669936992866,1451250,-0.6112826284012408,-4.82992021802402,-9.19541538505436,14.048398896404692,16.790270267515023,0,0,0,0,0,3,3,1,1
634,1954,3,28,6,19809.25,61.31701169618998,-36.01075145939844,285,257,949.9242331756479,979.9242331756479,30.0,38.37512760117415,24.727856697886747,564.365865252901,1000625,0.47332057472201994,3.7379497808402737,-11.216067998465512,1.9626141839330624,11.386484785972245,0,0,0,0,0,5,5,1,1
634,1954,3,28,9,19809.375,61.31701169618998,-36.01075145939844,285,257,951.6322060366097,977.6322060366097,26.0,35.69586588115938,21.167960448808664,483.2803316785781,733750,1.707972860961745,13.48835677608687,0.0,0.0,0.0,0,0,0,0,0,5,5,1,1
634,1954,3,28,12,19809.5,61.503962557825126,-36.27830220201828,285,258,952.2251731308716,976.2251731308716,24.0,34.91935477765981,21.201975878524827,457.6982563269247,658125,0.5929670942618395,4.67451330762576,-4.731263674855218,6.9293291152192715,8.390498075086484,0,0,0,0,0,6,6,1,1
634,1954,3,28,15,19809.625,61.59601410717652,-37.55467515285317,283,260,952.8833576720365,974.8833576720365,22.0,34.257629099151025,21.26389094983053,417.2238236327841,546875,0.6581845411649556,5.184124600225975,-22.503713281364462,3.41188842588218,22.760889571379412,0,0,0,0,0,7,7,1,1
634,1954,3,28,18,19809.75,61.12934572611307,-37.993200359919456,281,259,954.1170824829314,974.1170824829314,20.0,33.53522576450743,21.536677902321752,394.4286461102029,488750,1.233724810894928,9.760625423127454,-7.847932232651705,-17.297052133228583,18.994158386933627,0,0,0,0,0,6,6,1,1
634,1954,3,28,21,19809.875,60.94639338452072,-37.71833119246493,281,258,956.4359916199959,972.4359916199959,16.0,32.02014475772621,19.198883689764916,309.98354293693046,301875,2.3189091370644745,18.3785216113949,4.947580722816666,-6.781124067604104,8.394176471163012,0,0,0,0,0,4,4,1,1
634,1954,3,29,0,19810.0,60.94639338452072,-37.71833119246493,281,258,959.777655155299,971.777655155299,12.0,30.05564084587046,17.97803640661572,244.7080859684159,188125,3.341663535303087,26.48436479030118,0.0,0.0,0.0,0,0,0,0,0,6,6,1,1
634,1954,3,29,3,19810.125,60.80401720927888,-38.069866503336804,280,258,961.1359868758789,973.1359868758789,12.0,30.289437512559527,17.440175793479867,270.9431997691338,230625,1.3583317205798813,10.78037746278413,-6.3558344119519505,-5.277169453982705,8.261062190675041,0,0,0,0,0,7,7,1,1
634,1954,3,29,6,19810.25,60.43745897501403,-37.52844082340763,280,256,963.2073133128521,985.2073133128521,22.0,29.2950054201152,15.859646885818293,808.5350510336333,2053750,2.0713264369731768,16.498366195093812,9.90095278440898,-13.586471990013166,16.81133805425696,0,0,2,0,0,3,3,1,2
634,1954,3,29,9,19810.375,60.39303767501825,-36.91373526507346,281,255,965.3574329975594,973.3574329975594,8.0,28.561989005483035,14.64849027166405,215.76102719068473,146250,2.150119684707315,17.133503749897432,11.256360855790819,-1.6464743981622436,11.376138960982479,0,0,0,2,0,4,4,1,1
634,1954,3,29,12,19810.5,60.207121665910876,-36.652044020746864,281,254,969.4659746640722,975.4659746640722,6.0,25.211831351553165,13.478130872685579,178.96908195899073,100625,4.108541666512756,32.80009088106709,4.819389089337369,-6.890972331581249,8.40904339797592,0,0,0,0,0,5,5,1,1
634,1954,3,29,15,19810.625,60.34513019886239,-36.30089791537392,282,254,970.3510622238923,976.3510622238923,6.0,25.345481598944705,12.135393711554789,194.4204181260938,118750,0.8850875598202401,7.056288559981527,6.439589900793459,5.115282899289072,8.224015882168537,0,0,0,0,0,4,4,1,1
634,1954,3,29,18,19810.75,60.29375174926459,-35.69005982501397,283,253,972.3051206952133,980.3051206952133,8.0,24.250763757190725,12.141606577679122,281.03494535262524,248125,1.9540584713208955,15.586536091791034,11.219635041888393,-1.9043409780462959,11.380102153927982,0,0,0,0,0,3,3,1,1
634,1954,3,29,21,19810.875,60.23891851791555,-35.08134937393917,284,252,975.4143889957978,997.4143889957978,22.0,21.871108564006917,11.256448656296124,1127.4972762479358,3993750,3.1092683005845174,24.81462108262518,11.19930497406417,-2.032392379180269,11.382225207974427,0,0,2,0,0,3,3,1,2
634,1954,3,30,0,19811.0,59.98890258828185,-34.230011767382905,285,250,978.4571649699361,996.6910023324812,18.233837362545017,18.77763961449499,11.462612010849043,1066.0981368312196,3570625,3.042775974138349,24.344930618666726,15.782587541569542,-9.266834318530057,18.302029608608784,0,0,0,0,0,4,2,2,0
634,1954,3,30,3,19811.125,60.053866297566614,-33.269224667712606,287,249,980.0564902888373,984.0564902888373,4.0,16.225031354689154,9.770424853172663,188.18069730433754,111250,1.5993253189011012,12.787667153286852,17.77661640656573,2.407878296159268,17.938951160959682,0,0,0,2,0,4,4,1,1
634,1954,3,30,6,19811.25,59.98539464522211,-32.67025036492768,288,248,981.5442648426092,983.5442648426092,2.0,13.552605449365663,9.140547302492559,109.25484305920791,37500,1.487774553772033,11.90394875962436,11.105346748769406,-2.5379001198930196,11.391648845929032,0,0,0,0,0,4,4,1,1
634,1954,3,30,9,19811.375,59.91356299716124,-32.07400087529405,289,247,982.6696367646326,982.6696367646326,0.0,12.527951959349807,8.345357384949967,14.104739588693906,625,1.1253719220233325,9.010834032553738,11.0788098638601,-2.6624382789617673,11.39423562986323,0,0,0,0,0,2,2,1,1
634,1954,3,30,12,19811.5,59.91356299716124,-32.07400087529405,289,247,,,,12.527951959349807,,0.0,0,0.0,,0.0,0.0,0.0,0,3,0,0,0,2,2,0,0
642,1954,3,27,12,19808.5,59.79476668462191,-76.32869286780416,230,328,998.4758878160123,1000.4758878160123,2.0,16.61137391182347,5.966730799844518,157.69578262626,78125,,,,,,3,0,0,0,0,5,5,1,1
642,1954,3,27,15,19808.625,60.631845244412055,-77.30345104838725,233,331,999.8834096043428,1001.8834096043428,2.0,16.77683180064953,3.9464318772383558,185.5188843315482,108125,1.4075217883303413,11.189613084492644,-17.718392487994894,31.026296350532473,35.7291547281726,0,0,0,0,0,7,7,1,1
642,1954,3,27,18,19808.75,61.41034807561131,-77.88940223234559,236,333,999.4088773018083,1003.4088773018083,4.0,18.059879664224354,4.2917178526154744,260.07854739300495,212500,-0.47453230253449874,-3.7441871551690626,-10.39287827905671,28.85518840259434,30.66975410192432,0,0,0,0,0,7,7,1,1
642,1954,3,27,21,19808.875,62.22933507472243,-78.96464583696509,239,336,1000.0282391590058,1006.0282391590058,6.0,18.433035833417016,4.344082004513184,320.7084064584796,323125,0.6193618571975094,4.84964912103291,-18.569050638959606,30.355733096335843,35.584830664880585,0,0,0,0,0,6,6,1,1
642,1954,3,28,0,19809.0,62.76865310963646,-79.71642934886472,241,338,1000.1125857335733,1008.1125857335733,8.0,19.217728997730756,5.408447066295849,380.04356441846903,453750,0.08434657456746208,0.6572114834632461,-12.750444412882699,19.989809776784572,23.710046976715244,0,0,0,0,0,7,7,1,1
642,1954,3,28,3,19809.125,63.26334516868888,-80.02007885425544,243,339,999.5943504226937,1007.5943504226937,8.0,19.5568728088642,4.856145580039156,368.0769556858673,425625,-0.518235310879536,-4.020271934715188,-5.063404859486863,18.335749072659684,19.02203361438034,0,0,0,0,0,6,6,1,1
642,1954,3,28,6,19809.25,63.529609243085886,-80.41705527646744,244,340,998.9973761379026,1008.9973761379026,10.0,19.501106744587528,5.010477057408425,451.5719996152229,640625,-0.5969742847910675,-4.620332524821311,-6.558503214989141,9.869071406885633,11.849579522296581,0,0,0,0,0,9,9,1,1
642,1954,3,28,9,19809.375,63.830154655970546,-81.31024971086043,245,342,999.0959431053875,1009.0959431053875,10.0,19.133431231919758,4.325142325349807,465.8836267154838,681875,0.0985669674849487,0.7608903933195832,-14.600839537672682,11.139708379689427,18.36511960182641,0,0,0,0,0,9,9,1,1
642,1954,3,28,12,19809.5,63.496191343590716,-83.39005610637003,243,346,1000.829089412601,1008.829089412601,8.0,16.497134355519176,2.6367409749310173,483.07446145339907,733125,1.7331463072134647,13.417730238994391,-34.39955831819874,-12.378342007349787,36.55889718438012,0,0,0,0,0,10,10,1,1
642,1954,3,28,15,19809.625,63.316011515436664,-84.41013104017222,242,348,1000.6098022980484,1008.6098022980484,8.0,16.27355175374922,3.259010787913139,468.0138784589843,688125,-0.21928711455257144,-1.7003591909659754,-16.978706660696282,-6.678360924806119,18.244916675938796,0,0,0,0,0,11,11,1,1
642,1954,3,28,18,19809.75,63.33749565782969,-84.89351542767163,242,349,1000.9736405890545,1006.9736405890545,6.0,15.46445744940567,3.2251712045440946,396.94255713009204,495000,0.36383829100610454,2.8206821814768688,-8.039786886899032,0.7963092124713169,8.079126286215628,0,0,0,0,0,12,12,1,1
642,1954,3,28,21,19809.875,63.37464226474459,-85.8624064158559,242,351,1001.4443461262119,1007.4443461262119,6.0,14.799396603066551,3.8512995678919832,413.8725739918657,538125,0.47070553715733693,3.64799127609035,-16.09394553759631,1.3768380769985598,16.152732464118547,0,0,0,0,0,12,12,1,1
642,1954,3,29,0,19810.0,62.51107758390011,-88.34996060442212,238,356,1002.0530063498569,1006.0530063498569,4.0,13.988701988373956,3.9795842931338843,267.6186174229157,225000,0.6086602236449835,4.7536030819213355,-42.555303068576215,-32.008003779777795,53.24909506484258,0,0,0,0,0,15,15,1,1
642,1954,3,29,3,19810.125,62.05854390375909,-89.30413406049121,236,358,1001.7849660263803,1005.7849660263803,4.0,14.180511950159797,3.703372364022653,260.46073503106066,213125,-0.2680403234765981,-2.1020844864500456,-16.571461458891456,-16.77314978915771,23.578632036932216,0,0,0,0,0,16,16,1,1
642,1954,3,29,6,19810.25,61.366390598262434,-89.77353564765882,233,359,1001.7018416243102,1005.7018416243102,4.0,13.79301879987154,3.907453518502661,274.9519921161698,237500,-0.08312440207009786,-0.6561483666407726,-8.337393594044036,-25.654645343829635,26.975413984954635,0,0,0,0,0,10,10,1,1
642,1954,3,29,9,19810.375,60.671220483933695,-90.22121812666487,230,360,1002.0760322981067,1006.0760322981067,4.0,13.432415107369028,4.046755968256839,279.25959628100287,245000,0.37419067379654736,2.9736173549801874,-8.127741254061457,-25.766463289424795,27.017971950874628,0,0,0,0,0,14,14,1,1
642,1954,3,29,12,19810.5,59.97487303095363,-90.21620946246236,227,360,1001.6766943433457,1005.6766943433457,4.0,13.45072967041416,4.789442954914775,272.4077682750553,233125,-0.39933795476099476,-3.195513036477308,0.09289350639052563,-25.810101317747648,25.810268484382885,0,0,0,0,0,14,14,1,1
642,1954,3,29,15,19810.625,59.74248996553945,-90.2145899311294,226,360,1002.2843463684677,1006.2843463684677,4.0,12.591807015291854,4.76554995077684,294.5156090686586,272500,0.6076520251219335,4.873912415900034,0.030247285026902906,-8.613272637389215,8.613325747018353,0,0,0,0,0,12,12,1,1
642,1954,3,29,18,19810.75,59.04281608341737,-89.37040139158974,223,358,1003.6683262057131,1005.6683262057131,2.0,10.813153225946618,4.63279358852953,176.1681409986482,97500,1.3839798372454242,11.181239448902407,16.09529844204556,-25.933395332559517,30.522116987740777,0,0,0,0,0,13,13,1,1
642,1954,3,29,21,19810.875,58.56841676531273,-88.55240031314354,221,356,1005.5961937841229,1007.5961937841229,2.0,8.652658185156273,4.951421995445489,190.28334018879895,113750,1.9278675784097867,15.653615609408062,15.810755141901895,-17.58359912562464,23.64662632105994,0,0,0,0,0,14,14,1,1
642,1954,3,30,0,19811.0,58.32022430300238,-87.74219601132756,220,354,1006.2032680510993,1008.2032680510993,2.0,7.7163199537753675,4.879581523393426,226.11617692741794,160625,0.607074266976415,4.942363112988283,15.770905352529143,-9.199247546777292,18.257809591112522,0,0,0,0,0,14,14,1,1
642,1954,3,30,3,19811.125,58.32022430300238,-87.74219601132756,220,354,,,,7.7163199537753675,,0.0,0,0.0,,0.0,0.0,0.0,0,3,0,0,0,14,14,0,0
654,1954,3,26,0,19807.0,37.327533193794125,155.07475525127373,455,565,1003.5860024884482,1007.5860024884482,4.0,10.136527395263641,14.524247461929116,175.60259173501603,96875,,,,,,3,0,0,0,0,27,27,1,1
654,1954,3,26,3,19807.125,37.21892996540383,157.3316039950303,447,569,999.667153565187,1003.667153565187,4.0,12.384765948651228,16.916108563780362,133.80930871145785,56250,-3.9188489232612485,-44.887215029142624,66.61147360566586,-4.025376004740492,66.73299085083674,0,0,0,0,0,25,25,1,1
654,1954,3,26,6,19807.25,37.195677848921214,160.0492213547784,437,573,996.5425328541313,1002.5425328541313,6.0,13.606345060233643,15.497564768033918,199.96919625742038,125625,-3.124620711055759,-35.80911465109301,80.23504555268454,-0.8618391288716365,80.23967411153548,0,0,0,0,0,27,27,1,1
654,1954,3,26,9,19807.375,37.28429508855157,162.68365507651868,427,576,994.4950248528072,1000.4950248528072,6.0,14.67075238977782,14.776190897087654,182.27340554900803,104375,-2.0475080013240223,-23.41737569284995,77.68788882587445,3.28459582004701,77.75729316226548,0,0,0,0,0,24,24,1,1
654,1954,3,26,12,19807.5,37.298705075141015,164.52323528648282,420,578,992.3128405260343,1000.3128405260343,8.0,16.63517123416615,14.695084257143314,225.6758334191025,160000,-2.1821843267729855,-24.94942980155613,54.23863854677592,0.5341058005872853,54.241268241201986,0,0,0,0,0,21,21,1,1
654,1954,3,26,15,19807.625,37.25437531724307,166.36185014391356,413,580,987.6844362446886,999.6844362446886,12.0,19.952111082956087,20.333462314610223,339.6871115329872,362500,-4.628404281345574,-52.97145901870248,54.24211232637614,-1.6430813925444083,54.26699241794898,0,0,0,0,0,20,20,1,1
654,1954,3,26,18,19807.75,36.95581619236079,168.49300629264906,405,583,984.3370772310803,998.3370772310803,14.0,23.141990005568715,17.07821457811915,340.2722749495672,363750,-3.347359013608366,-38.57488872660217,63.120542762442085,-11.06608666344939,64.08323644033791,0,0,0,0,0,21,21,1,1
654,1954,3,26,21,19807.875,36.82679771909683,170.55828037271644,397,585,983.274146074263,997.274146074263,14.0,24.97321759901587,14.582613341864489,302.18396482767736,286875,-1.062931156817358,-12.28599788574139,61.272807275469006,-4.7820665567930885,61.45913334867623,0,0,0,0,0,18,18,1,1
654,1954,3,27,0,19808.0,37.12264553527945,172.54686851156964,389,585,980.5688347353042,996.5688347353042,16.0,26.855877013748856,12.575719256474697,345.2061176167894,374375,-2.7053113389587087,-31.055885624966262,58.7688436303317,10.965592072793237,59.78311794439367,0,0,0,0,0,19,19,1,1
654,1954,3,27,3,19808.125,37.04857744430037,174.07659852238558,383,586,977.360053414129,993.360053414129,16.0,28.164378953722252,13.434458846065608,346.06949399889504,376250,-3.2087813211753384,-36.89856812046942,45.252724060943784,-2.7453319810406445,45.33592265105062,0,0,0,0,0,20,20,1,1
654,1954,3,27,6,19808.25,36.913889245509935,175.35101225386003,378,587,977.6573107940571,991.6573107940571,14.0,27.617919906523912,11.178636767121134,332.2856328070812,346875,0.29725737992819634,3.4289232823526565,37.76683836148544,-4.992214794796739,38.0953578324178,0,0,0,0,0,17,17,1,1
654,1954,3,27,9,19808.375,36.26141063018407,176.89589416316875,372,590,980.5985590316186,992.5985590316186,12.0,26.143715846447673,9.104340160121792,364.00067324663405,416250,2.941248237561522,34.45239350096283,46.17059935271112,-24.18410392276736,52.12096629127073,0,0,0,0,0,19,19,1,1
654,1954,3,27,12,19808.5,35.58169612582795,179.14124106363647,363,593,977.1769748455176,987.1769748455176,10.0,27.55875561863049,7.910468549411453,346.930721777772,378125,-3.421584186100954,-40.74055761522942,67.68328342311652,-25.193601483707074,72.2201108463132,0,0,0,0,0,18,18,1,1
654,1954,3,27,15,19808.625,35.31853301441717,-178.6564220771914,354,594,976.9184651745211,986.9184651745211,10.0,26.389763445510713,9.300688196524789,397.44343121846424,496250,-0.25850967099657285,-3.097977290611067,-66.60432202723347,-9.754134289625245,67.31477436972853,0,0,0,0,0,19,19,1,1
654,1954,3,27,18,19808.75,35.45813161582542,-176.20221162903255,344,593,977.7715437176457,985.7715437176457,8.0,25.074941039307404,8.69104123847741,393.67134241106896,486875,0.853078543124575,10.188279782798254,74.09289616737439,5.174218747757875,74.27334516580609,0,0,0,0,0,21,21,1,1
654,1954,3,27,21,19808.875,35.76739500225834,-173.95878731205102,335,591,978.7882881168222,986.7882881168222,8.0,24.580342581441347,8.83689823312132,438.3829305338697,603750,1.0167443991765321,12.051770136350694,67.4681539937488,11.462839856085257,68.43499470950852,0,0,0,0,0,19,19,1,2
654,1954,3,28,0,19809.0,35.44730152379403,-171.52370379538306,325,591,990.5614926000036,1004.9176777790224,14.356185179018794,13.343779199564928,5.6188336993624395,1157.7920833169867,4211250,11.773204483181326,140.64419747224224,73.52537752352912,-11.864256952413585,74.47645086207032,0,0,2,0,0,22,21,2,0
654,1954,3,28,3,19809.125,42.12120360022412,-167.60607616816986,315,562,976.4214933951167,1004.4214933951167,28.0,27.38552040153096,21.82952821897372,1148.8221644752255,4146250,-4.496184383905638,-46.44464796419646,29.801018877473506,85.98158826140715,90.99963871406128,0,0,0,0,2,21,21,1,2
654,1954,3,28,6,19809.25,43.425457562921615,-167.855721950433,317,557,974.4833741197851,1004.4833741197851,30.0,30.580491976738475,29.50206376635142,1113.56003446816,3895625,-1.9381192753315555,-19.533726427757912,-6.7202508346514644,48.342141236007755,48.807011694660794,0,0,0,0,0,23,23,1,1
654,1954,3,28,9,19809.375,44.48344741292233,-168.17851165939277,319,553,974.7895656663122,1004.7895656663122,30.0,31.15996540744038,25.052151106180386,1088.5350482732106,3722500,0.3061915465271159,3.0274691555598126,-8.535882534495522,39.214367920505815,40.132629393643036,0,0,0,0,0,26,26,1,1
654,1954,3,28,12,19809.5,45.58334511699196,-168.80640397425282,322,549,973.7709288202145,993.7709288202145,20.0,32.33932679496519,13.2716463333118,593.7408516756685,1107500,-1.0186368460977975,-9.880479797564323,-16.287925432612628,40.76768150684668,43.90102926290041,0,0,0,0,0,28,28,1,1
654,1954,3,28,15,19809.625,46.75885408706195,-170.06251635432673,327,545,974.8760940527687,998.8760940527687,24.0,31.203935261857,11.865198560056523,858.7690129202789,2316875,1.1051652325542818,10.510710658093078,-31.895015485001448,43.57021123231792,53.99680842065839,0,0,0,0,0,22,22,1,1
654,1954,3,28,18,19809.75,47.593718880429314,-170.81791280707895,330,542,976.5248932635476,998.5248932635476,22.0,30.01544676547671,11.460049568277027,808.2889590933619,2052500,1.6487992107788159,15.470616928620995,-18.8818166224032,30.94424315220291,36.250092182292704,0,0,0,0,0,24,24,1,1
654,1954,3,28,21,19809.875,48.452562137257736,-171.91459013249968,334,539,977.1033382220412,997.1033382220412,20.0,29.09895179329281,11.642257313476875,717.5418042889776,1617500,0.5784449584936374,5.354820349798798,-26.959356693339863,31.833004314070227,41.71507014231599,0,0,0,0,0,22,22,1,1
654,1954,3,29,0,19810.0,49.02468296054075,-172.77568430595468,337,537,975.879267321118,995.879267321118,20.0,29.927895585748036,9.73396197342183,726.3598532061316,1657500,-1.2240709009231068,-11.232715579161628,-20.928573871565717,21.205644325593024,29.794035570246923,0,0,0,0,0,24,24,1,1
654,1954,3,29,3,19810.125,49.849583751197315,-173.948267891206,341,534,976.0931382278018,996.0931382278018,20.0,28.925307919808215,9.550379892148339,741.4050072016196,1726875,0.21387090668373276,1.9385526645949178,-28.023717273947312,30.57492763536518,41.47475050868842,0,0,0,0,0,26,26,1,1
654,1954,3,29,6,19810.25,50.633175133331484,-174.8356950534817,344,531,978.1269542769014,996.1269542769014,18.0,27.68248901824717,8.093181913769003,686.2213111476103,1479375,2.0338160490995505,18.22619761497271,-20.863006831184055,29.043795418572245,35.76041255849701,0,0,0,0,0,19,19,1,1
654,1954,3,29,9,19810.375,51.42144887309752,-176.09566012890582,348,528,979.9407339112254,997.9407339112254,18.0,26.767489468616656,6.251780172515864,706.3644573399004,1567500,1.813779634324019,16.074410131142784,-29.12151211438447,29.217346889705563,41.25185846845726,0,0,0,0,0,22,22,1,1
654,1954,3,29,12,19810.5,52.456421580200406,-178.7811247648687,356,524,984.568412791741,998.568412791741,14.0,23.058714907881207,3.56171810877022,674.3776759984653,1428750,4.627678880515596,40.43624706042665,-60.65064594339601,38.36123808180857,71.76409576188067,0,0,0,0,0,25,25,1,1
654,1954,3,29,15,19810.625,53.4112841188392,179.46454101443547,361,520,986.5026232915826,1002.5026232915826,16.0,21.680785190622764,3.0565050512978633,815.0294128004205,2086875,1.9342104998415743,16.689527026836124,38.75787997658255,35.391956646525855,52.48584433491324,0,0,0,0,0,20,20,1,1
654,1954,3,29,18,19810.75,54.079776682705194,177.27368900609375,367,517,989.3409648883556,1001.3409648883556,12.0,19.8876796548861,1.9497371397072127,685.2058684228348,1475000,2.838341596773098,24.28225082745747,-47.637019217352005,24.777660533837327,53.695605606459495,0,0,0,0,0,21,21,1,1
654,1954,3,29,21,19810.875,55.17987366460351,175.3141001604973,372,512,991.5430104106816,1001.5430104106816,10.0,18.718384856120778,2.1066476552694073,652.3346756780259,1336875,2.202045522325934,18.5836450054355,-41.47171766841628,40.77506773469478,58.15934589674972,0,0,0,0,0,22,22,1,1
654,1954,3,30,0,19811.0,55.17987366460351,175.3141001604973,372,512,,,,18.718384856120778,,0.0,0,0.0,,0.0,0.0,0.0,0,3,0,0,0,22,22,0,0
661,1954,3,26,3,19807.125,42.00848088796839,128.55215002018656,522,489,1009.2422593611938,1009.2422593611938,0.0,8.217947081428543,17.965181174450844,14.104739588693906,625,,,,,,3,0,0,0,0,20,20,1,1
661,1954,3,26,6,19807.25,42.00848088796839,128.55215002018656,522,489,1005.2896223437776,1007.2896223437776,2.0,9.73487395506561,15.148956067563704,89.20620580763855,25000,-3.9526370174161274,-40.91902463397948,0.0,0.0,0.0,0,0,0,0,0,22,22,1,1
661,1954,3,26,9,19807.375,42.04642863037594,128.93992829888515,521,490,1006.2719445065288,1006.2719445065288,0.0,8.255845902083319,19.893869423036087,14.104739588693906,625,0.9823221627512249,10.161858291470612,10.673408999956608,1.406532144444995,10.765685874746287,0,0,0,0,0,19,19,1,1
661,1954,3,26,12,19807.5,43.347906393643264,127.97432603878451,519,484,1006.5568209012135,1010.0950830987069,3.538262197493459,8.573416544402935,7.796934660528568,542.4368175567929,924375,0.2848763946846884,2.8752986783008105,-26.026327297916243,48.23924147201136,54.81235381201286,0,0,0,0,0,16,15,2,0
661,1954,3,26,15,19807.625,42.237693384123276,129.11401216697175,520,490,1005.6894670033041,1012.0973358655256,6.407868862221367,9.979132661181469,9.256970442650562,776.6577330576729,1895000,-0.8673538979093428,-8.939503646706001,31.274485585796796,-41.15001805113665,51.68575658984865,0,0,0,0,0,15,14,2,0
661,1954,3,26,18,19807.75,41.19673322597113,129.23211110208587,523,493,1005.6808612187451,1011.4267503095433,5.745889090798155,9.209401598027393,11.656553494783948,728.2745690011022,1666250,-0.00860578455904033,-0.09052294213216357,3.29373560590884,-38.583162808545524,38.72349605281478,0,0,0,0,0,15,14,2,0
661,1954,3,26,21,19807.875,47.498574640822184,134.78131488057704,491,490,1003.271472141076,1011.271472141076,8.0,11.335167420407691,2.6495432624207025,717.4031622619295,1616875,-0.15527816846733913,-1.4591839179085044,38.15286462490706,7.082272196565764,38.80463449837832,0,0,0,0,2,12,12,1,2
661,1954,3,27,0,19808.0,44.749351195391526,139.95188879551677,486,510,1003.5281385935506,1011.5281385935506,8.0,12.859635255322152,6.156000811908379,701.985393400946,1548125,-0.17266410877171437,-1.6992055132421329,65.97883927078779,20.57781781851439,69.11334037428966,0,0,0,0,2,15,15,1,1
661,1954,3,27,3,19808.125,45.18107441641664,141.04165932374258,482,511,1002.094824788321,1012.094824788321,10.0,13.174708803943558,6.282829383342323,793.7598068465301,1979375,-1.4333138052295544,-13.999376983668697,28.47105876714238,16.001810630880083,32.65974786780544,0,0,0,1,0,16,16,1,2
661,1954,3,27,6,19808.25,43.84398833396879,143.7307849737368,478,521,1001.3334144319131,1011.3334144319131,10.0,14.147539876986894,9.452610351099356,751.1353228685022,1772500,-0.7614103564078687,-7.615458083150676,71.88340513953797,-49.55906295174969,87.31165245893838,0,0,0,0,0,14,14,1,1
661,1954,3,27,9,19808.375,45.246048669815735,146.10574310498563,468,521,1001.0733678888317,1011.0733678888317,10.0,13.763186827440057,2.4106487495325566,674.0826080884755,1427500,-0.26004654308140746,-2.5370537660049304,61.97491624803504,51.967332065248726,80.8795020133704,0,0,0,0,0,15,15,1,1
661,1954,3,27,12,19808.5,44.848600384592444,149.18649429356074,460,528,999.8923520848796,1009.8923520848796,10.0,15.091292578219345,7.1364438722110926,527.5625145250106,874375,-1.1810158039521774,-11.602242880618185,80.95131028842104,-14.731410973469718,82.2807942759517,0,0,0,0,0,15,15,1,1
661,1954,3,27,15,19808.625,45.966951735827735,148.01046624642595,461,522,998.6789846649315,1008.6789846649315,10.0,15.118789873694727,7.994701629362242,504.23211082724873,798750,-1.2133674199480446,-11.692864159856645,-30.297582884239525,41.45166548781701,51.34378346344612,0,0,0,0,0,17,17,1,1
661,1954,3,27,18,19808.75,45.48533670520671,151.1178864370507,453,529,997.7750995253191,1007.7750995253191,10.0,15.280359898866378,8.180924398309871,486.76680405308986,744375,-0.9038851396123937,-8.782154273462556,80.74423181508917,-17.851049333607087,82.69395947540383,0,0,0,0,0,19,19,1,1
661,1954,3,27,21,19808.875,45.718067947541044,151.63880567042628,451,529,997.0533916071122,1007.0533916071122,10.0,15.66360415091642,9.966581967995298,470.5574508777854,695625,-0.7217079182069575,-6.984283773675246,13.480521546076666,8.626177806421017,16.004230837570038,0,0,0,0,0,16,16,1,1
661,1954,3,28,0,19809.0,45.618568818911434,152.04100447958518,450,530,999.0646836798508,1005.0646836798508,6.0,12.808551168342788,9.625643135793798,376.09700300975805,444375,2.011292072738579,19.497204494524116,10.426760239620418,-3.6879327697224067,11.059754843961127,0,0,0,0,0,19,19,1,1
661,1954,3,28,3,19809.125,45.19606197666731,152.97448748883602,448,533,998.7409520523767,1004.2959020404468,5.554949988070148,11.70552755481925,6.911123733571367,478.7307364817192,720000,-0.3237316274740442,-3.1611106424327624,24.381560502160074,-15.660205776719936,28.977621322146245,0,0,0,0,0,18,20,2,0
661,1954,3,28,6,19809.25,44.569889017567085,160.92233702006567,424,546,996.9384097106432,1004.9384097106432,8.0,13.53207555980338,9.965331723865528,586.8317545217611,1081875,-1.3574923298036448,-13.401634914956022,28.787155932217168,12.150246849485391,31.246261299061295,0,0,0,0,2,22,22,1,1
661,1954,3,28,9,19809.375,44.722087140226925,162.3940319374175,419,547,997.6115653405084,1003.6115653405084,6.0,12.885945076764171,10.881405155375033,429.905428746211,580625,0.673155629865214,6.627777079081519,38.75760715787545,5.641219694866793,39.16599893083223,0,0,0,0,0,25,25,1,1
661,1954,3,28,12,19809.5,44.909473892287416,164.15501720958147,413,548,996.0479968273592,1002.0479968273592,6.0,13.390657721724065,9.248851443181847,372.9096828007334,436875,-1.563568513149221,-15.34404254166214,46.2254360478524,6.945485383176067,46.74431200715232,0,0,0,0,0,27,27,1,1
661,1954,3,28,15,19809.625,44.75554934078447,165.7163364434997,408,550,995.190755050788,999.190755050788,4.0,12.392126901486138,8.518102523152411,249.93662229367052,196250,-0.8572417765711725,-8.435285300685786,41.0940352648356,-5.705209737722403,41.48818087719627,0,0,0,0,0,23,23,1,1
661,1954,3,28,18,19809.75,44.566181779947534,167.26650914572758,403,552,996.3104639578665,998.3104639578665,2.0,10.218234760784545,6.238165337032115,178.96908195899073,100625,1.1197089070786024,11.054880660825624,40.93415167335661,-7.01890401204052,41.53155170165933,0,0,0,0,0,26,26,1,1
661,1954,3,28,21,19809.875,44.566181779947534,167.26650914572758,403,552,,,,10.218234760784545,,0.0,0,0.0,,0.0,0.0,0.0,0,3,0,0,0,26,26,0,0
664,1954,3,26,0,19807.0,45.97075036449322,54.77522080589325,516,249,998.0888880988454,1006.0888880988454,8.0,13.838571181444804,3.1547100458369095,490.0255303449986,754375,-3.5076026854223166,-33.799566736547725,-17.876950096075152,62.11353969815624,64.6349530716314,2,0,0,2,0,7,7,1,1
664,1954,3,26,3,19807.125,46.70365211943191,54.49764635861359,513,250,997.6807030476488,1005.6807030476488,8.0,13.92461664129132,3.6319989480637016,510.50584650224977,818750,-0.4081850511966331,-3.885579815603131,-7.055417235553358,27.16498562602495,28.06626723363628,0,0,0,0,0,5,5,1,1
664,1954,3,26,6,19807.25,47.91035955814992,54.53489440419094,509,253,996.8010459969944,1006.8010459969944,10.0,14.899327271950126,3.5885550819047785,578.2943231364502,1050625,-0.8796570506543503,-8.2124606741183,0.9254043424070445,44.72658170989778,44.73615411106668,0,0,0,0,0,4,4,1,1
664,1954,3,26,9,19807.375,48.777174196282445,54.499334980340265,506,255,996.1669292526631,1006.1669292526631,10.0,14.871248448915663,4.047397282946259,560.1197921604794,985625,-0.6341167443312589,-5.840956514732324,-0.8685537502218832,32.12846336719187,32.14020136766437,0,0,0,0,0,5,5,1,1
664,1954,3,26,12,19807.5,49.501722757460634,54.19880865433738,503,256,993.4505380914578,1009.4505380914578,16.0,17.188995056558028,4.7130842861563,1126.438095857973,3986250,-2.716391161205247,-24.748920437088135,-7.233942933569433,26.85537470354327,27.81260650916866,0,0,0,0,0,6,6,1,1
664,1954,3,26,15,19807.625,49.74741608200666,53.553542702571804,501,255,993.8197593396776,1009.8197593396776,16.0,17.7121317778404,5.893352675465649,987.130254363693,3061250,0.36922124821969193,3.3517147310868824,-15.453972128104988,9.106617066650896,17.937550806474757,0,0,0,0,0,5,5,1,1
664,1954,3,26,18,19807.75,49.93966826168001,53.35915336501387,500,255,994.459830857269,1010.459830857269,16.0,17.709534923923904,5.986871159402362,872.1018772485213,2389375,0.6400715175914229,5.794010668799226,-4.637115860354561,7.125822338678241,8.501775550128201,0,0,0,0,0,5,5,1,1
664,1954,3,26,21,19807.875,49.93966826168001,53.35915336501387,500,255,995.3045699242805,1011.3045699242805,16.0,17.205741186287433,6.3654468356648435,956.6299821657266,2875000,0.8447390670115419,7.646687959236204,0.0,0.0,0.0,0,0,0,0,0,5,5,1,1
664,1954,3,27,0,19808.0,50.08195870711038,53.62260408791932,500,256,993.8900136079832,1011.8900136079832,18.0,19.055285793753534,6.354284916844116,1108.6361206577935,3861250,-1.4145563162973849,-12.77810262787685,6.265979174633042,5.273991880617318,8.190084576715455,0,0,0,0,0,5,5,1,1
664,1954,3,27,3,19808.125,50.02991964181678,54.08111838836946,501,257,995.8763215098036,1011.8763215098036,16.0,18.48794357676946,5.91257210795462,887.1421495957807,2472500,1.9863079018204006,17.956555263340757,10.917243620909327,-1.9288266826577616,11.086324036849092,0,0,0,0,0,6,6,1,1
664,1954,3,27,6,19808.25,50.113483190984134,54.80609275989709,502,259,997.6315909750053,1013.6315909750053,16.0,17.963295657915435,4.7451082531761495,936.877532632629,2757500,1.7552694652018546,15.848571259614765,17.231574669639738,3.0972809066072666,17.50772157106126,0,0,0,0,0,5,5,1,1
664,1954,3,27,9,19808.375,50.3250917727222,55.80614563752871,503,262,1000.10845670637,1014.10845670637,14.0,16.296236529614795,3.859995118232764,928.5590472341233,2708750,2.476865731364669,22.295300077874526,23.66449567146517,7.843266907908009,24.93040695964425,0,0,0,0,0,5,5,1,1
664,1954,3,27,12,19808.5,50.5916129722147,56.356027218309784,503,264,1001.8698224580004,1013.8698224580004,12.0,15.049343488322602,3.601049985868158,837.660047606661,2204375,1.7613657516303647,15.794017373405143,12.938938687756286,9.878601742262745,16.278909875902407,0,0,0,0,0,4,4,1,1
664,1954,3,27,15,19808.625,51.03823414053537,57.941185865987855,504,269,1004.841150321926,1012.841150321926,8.0,13.737314286909298,2.406106902892716,618.1996498700187,1200625,2.971327863925544,26.474884648230532,36.94381595156359,16.554002683107917,40.48308957942005,0,0,0,0,0,6,6,1,1
664,1954,3,27,18,19808.75,50.96140916707837,58.40348448027283,505,270,1006.5710183847941,1012.5710183847941,6.0,12.691040802109589,3.1598941344816556,508.55361814102736,812500,1.7298680628681904,15.43007513511188,10.792408570844735,-2.84751576267341,11.161739505055493,0,0,0,0,0,5,5,1,1
664,1954,3,27,21,19808.875,51.24699640160808,59.731405870917314,506,274,1008.3725412301719,1014.3725412301719,6.0,11.656606350153277,1.6199162449215507,559.4089799551302,983125,1.8015228453777672,16.004731266153744,30.809154240992118,10.585283864717493,32.57686632476935,0,0,0,0,0,4,4,1,1
664,1954,3,28,0,19809.0,51.07039833573354,60.6514064538554,508,276,1009.9809344899395,1013.9809344899395,4.0,10.11600760530075,1.2428137045751646,464.1723863077739,676875,1.6083932597676176,14.324474614869114,21.426982686445132,-6.545602993496541,22.404475124262348,0,0,0,0,0,5,5,1,1
664,1954,3,28,3,19809.125,51.42990682451057,62.29677181543383,509,281,1011.7567671973899,1015.7567671973899,4.0,9.500553396840077,2.0668206076927165,490.83683144743384,756875,1.7758327074503177,15.73625711507379,38.021881767667665,13.325173345885803,40.28925089713638,0,0,0,0,0,4,4,1,1
664,1954,3,28,6,19809.25,51.54424126586115,63.3588588550202,510,284,1013.1868017633573,1016.7331068691678,3.5463051058106068,8.446915835806262,2.796153283109379,486.97111331877176,745000,1.4300345659673621,12.651914581685746,24.482043372329525,4.237803272974992,24.84611487265286,0,0,0,0,0,6,8,2,0
664,1954,3,28,9,19809.375,54.4210687739252,70.75322199454139,507,308,1012.7228134684296,1016.7228134684296,4.0,11.23698695941745,3.015805922307336,455.73808348098737,652500,-0.010293400738155468,-0.0876840989482856,36.93185926770378,15.03462936012945,39.87483302743654,0,0,0,0,2,7,7,1,1
664,1954,3,28,12,19809.5,54.99879279189869,73.56840772524951,507,316,1012.9545996904603,1014.9545996904603,2.0,11.456056252232795,2.141031556910966,219.87113035631398,151875,0.2317862220306415,1.960424509363536,59.847473926814764,21.413326599787318,63.56296635219231,0,0,0,0,0,8,8,1,1
664,1954,3,28,15,19809.625,55.48091941453489,74.91047557434506,506,320,1011.9150360030584,1015.9150360030584,4.0,13.494560201032844,5.16160017209957,298.20768677650904,279375,-1.0395636874019691,-8.741328477246984,28.188361830472605,17.870011479140267,33.3754558463289,0,0,0,0,0,9,9,1,1
664,1954,3,28,18,19809.75,55.6579756202401,76.00977722861298,506,323,1011.1939964775239,1017.1939964775239,6.0,14.359737061223655,4.804218600952954,477.27404318721887,715625,-0.7210395255344337,-6.05014007091039,22.98564249104825,6.562583935118348,23.904126602571285,0,0,0,0,0,9,9,1,1
664,1954,3,28,21,19809.875,56.10255885564234,77.40866509175683,505,327,1010.3616311999972,1014.3616311999972,4.0,15.218095906825667,5.227938177154502,265.7536566014258,221875,-0.8323652775266964,-6.947635419539384,28.916524492738894,16.47846674931746,33.28220628425239,0,0,0,0,0,10,10,1,1
664,1954,3,29,0,19810.0,56.479090305021636,78.46149515006857,504,330,1009.0880220669874,1015.0880220669874,6.0,16.3016394366614,6.5431377108626485,429.6739856991561,580000,-1.2736091330098862,-10.584129358781889,21.549966800757108,13.956128964366595,25.674395899100833,0,0,0,0,0,13,13,1,1
664,1954,3,29,3,19810.125,56.84330882245781,79.53712082882394,503,333,1008.9309075431266,1014.9309075431266,6.0,16.077592545172763,6.237115335347771,430.5990114968427,582500,-0.15711452386065503,-1.3002269460477376,21.804825235190027,13.499750442968432,25.645538901719462,0,0,0,0,0,14,14,1,1
664,1954,3,29,6,19810.25,56.96388763407438,80.69962133900093,503,336,1008.2356031231585,1014.2356031231585,6.0,15.339717025690579,5.928911667399371,486.153361082143,742500,-0.6953044199681608,-5.746217886035128,23.48992398176179,4.469250704197811,23.911309678182004,0,0,0,0,0,8,8,1,1
664,1954,3,29,9,19810.375,57.267854917391496,81.42008722461989,502,338,1007.9585703734882,1011.9585703734882,4.0,14.69021031580134,6.579521183476245,360.70648175160983,408750,-0.2770327496703249,-2.2816475922676736,14.439142669822756,11.26653992359713,18.314577879096866,0,0,0,0,0,11,11,1,1
664,1954,3,29,12,19810.5,57.56614786181759,82.15353780160184,501,340,1008.1929778559789,1010.1929778559789,2.0,13.330337990800123,6.852186476494025,152.56608544230824,73125,0.23440748249078752,1.9241719625980511,14.580115099169731,11.056220691349806,18.298081109254838,0,0,0,0,0,12,12,1,1
664,1954,3,29,15,19810.625,57.82895140731145,82.49886796283378,500,341,1008.1370516931794,1012.1370516931794,4.0,13.440751026484014,6.683720850788815,393.1656628928871,485625,-0.055926162799587474,-0.4577496399228903,6.815150821774012,9.740806987706792,11.888212712400652,0,0,0,0,0,11,11,1,1
664,1954,3,29,18,19810.75,57.88669338298392,83.30199383000867,500,343,1007.1453855864734,1011.1453855864734,4.0,13.6985766148753,5.733531012683962,436.3359951616183,598125,-0.9916661067059613,-8.111542643265476,15.824351359899921,2.1402049164040915,15.968424250556682,0,0,0,0,0,11,11,1,1
664,1954,3,29,21,19810.875,58.17013870792105,84.06583454045106,499,345,1006.610599296734,1010.610599296734,4.0,13.028679768980401,5.4084621541528035,437.01937223683166,600000,-0.5347862897394225,-4.360910859086931,14.931492731802464,10.505894038042198,18.25714338932683,0,0,0,0,0,12,12,1,1
664,1954,3,30,0,19811.0,58.63410988576485,83.98014873135106,497,345,1005.7444305686471,1011.7444305686471,6.0,13.839937729219445,4.963610984888001,543.5359814348363,928125,-0.8661687280869228,-7.028069270074655,-1.6530823482481642,17.197080361843824,17.276349562966253,0,0,0,0,0,11,11,1,2
664,1954,3,30,3,19811.125,58.88962629974235,84.35175262626474,496,346,1005.1560485160095,1007.1560485160095,2.0,13.661786278387721,4.618392952681388,191.3259964331453,115000,-0.5883820526376076,-4.7612197784692585,7.116592333796344,9.470709636236283,11.846528076164242,0,0,0,2,0,10,10,1,1
664,1954,3,30,6,19811.25,59.1641457949557,85.14888390469844,495,348,1005.1054567378751,1005.1054567378751,0.0,12.08005457598549,4.49963165827532,14.104739588693906,625,-0.050591778134403284,-0.40821578789994556,15.144428168023138,10.175058377583085,18.245150520717456,0,0,0,0,0,10,10,1,1
664,1954,3,30,9,19811.375,59.43224295808961,85.9597959815958,494,350,1005.4452273165372,1007.4452273165372,2.0,10.799195368642037,4.472338035442881,398.9422804014327,500000,0.3397705786621373,2.7339397317744125,15.285315179734738,9.937014796096454,18.23143228607311,0,0,0,0,0,10,10,1,1
664,1954,3,30,12,19811.5,59.66422677784361,85.92963362677519,493,350,1006.1987172465792,1008.1987172465792,2.0,8.902389656790882,3.4343718575696403,457.4808740984068,657500,0.7534899300419784,6.048488086633132,-0.564647753412489,8.598474606756971,8.61699440921707,0,0,0,0,0,8,8,1,1
664,1954,3,30,15,19811.625,59.67986488952555,86.35687178779398,493,351,1007.0310366484198,1007.0310366484198,0.0,8.163868946503083,3.4681628929439468,14.104739588693906,625,0.8323194018406502,6.680209021586154,7.994274010229183,0.5796262271107707,8.015259416499285,0,0,0,0,0,9,9,1,1
664,1954,3,30,18,19811.75,59.92581600053981,86.76029970389789,492,352,1007.9697307934612,1007.9697307934612,0.0,7.548027529225439,2.849792000389134,14.104739588693906,625,0.9386941450413724,7.5151772571530095,7.493271771563033,9.116171915792913,11.800581012848259,0,0,0,0,0,8,8,1,1
664,1954,3,30,21,19811.875,59.92581600053981,86.76029970389789,492,352,,,,7.548027529225439,,0.0,0,0.0,,0.0,0.0,0.0,0,3,0,0,0,8,8,0,0
666,1954,3,28,6,19809.25,63.36681795741155,-116.45633066332806,254,412,1016.6482016292633,1020.6482016292633,4.0,9.360241714274522,3.419670740474321,503.8374085273672,797500,,,,,,3,0,0,0,0,16,16,1,1
666,1954,3,28,9,19809.375,62.12036858493825,-115.21349587147864,248,412,1015.0750025845275,1021.0750025845275,6.0,10.588564448940481,4.921665736559808,542.2534069623507,923750,-1.5731990447358113,-12.330635904131341,21.540682786827823,-46.19961551277492,50.97455726586523,0,0,0,0,0,17,17,1,1
666,1954,3,28,12,19809.5,59.838392858952155,-115.12092564614214,239,416,1014.2373724666925,1018.2373724666925,4.0,11.900692533811053,3.314803780378134,382.6519928662906,460000,-0.8376301178350696,-6.711997852191098,1.7239307432918722,-84.58137448522905,84.59894116960461,0,0,0,0,0,16,16,1,1
666,1954,3,28,15,19809.625,57.654632825909616,-115.5757404411149,231,421,1013.3357770973245,1017.3357770973245,4.0,12.50118358359805,2.680097037666055,427.81793388739516,575000,-0.9015953693680058,-7.393645308779765,-9.01921406145024,-80.94101222782812,81.44196512088645,0,0,0,0,0,15,15,1,1
666,1954,3,28,18,19809.75,54.70739098128395,-114.99456464855503,219,425,1011.8114166416661,1017.8114166416661,6.0,12.963194205513268,7.026843085392103,495.07435033691536,770000,-1.524360455658316,-12.939135192159304,12.44548161194531,-109.23944690564164,109.94610849322393,0,0,0,0,0,17,17,1,1
666,1954,3,28,21,19809.875,52.99032211795386,-109.99818832716183,207,415,1011.3045663003749,1015.3045663003749,4.0,11.448675059711226,2.707273065245827,379.25753759061985,451875,-0.5068503412912833,-4.397512004582293,111.45291766835848,-63.64311543388179,128.34406491505672,0,0,0,0,0,16,16,1,1
666,1954,3,29,0,19810.0,51.19927699466578,-109.07509849244555,199,415,1011.234250764362,1017.234250764362,6.0,10.021368182539486,7.011602666807157,386.01659999252234,468125,-0.07031553601293127,-0.6251014173340343,21.43900777810333,-66.38504370037103,69.76105705628137,0,0,0,0,0,19,19,1,1
666,1954,3,29,3,19810.125,50.73585093095955,-109.91186087407303,198,418,1012.1820948866294,1016.178809683754,3.9967147971245867,9.943417675570677,7.562843432212175,297.87393436440806,278750,0.947844122267561,8.481720724521816,-19.628914160979217,-17.176875719663414,26.083315177098427,0,0,0,1,0,21,20,2,0
666,1954,3,29,6,19810.25,50.73585093095955,-109.91186087407303,198,418,,,,9.943417675570677,,0.0,0,0.0,,0.0,0.0,0.0,0,3,0,0,0,21,20,0,0
679,1954,3,28,3,19809.125,36.43224550457753,138.17006601302063,513,531,1005.5168430536601,1007.5168430536601,2.0,8.314917950399181,18.075633648100556,122.15062797572998,46875,,,,,,3,0,0,0,0,17,17,1,1
679,1954,3,28,6,19809.25,35.84135852261794,139.01112610101785,512,535,1001.9391780429642,1007.9391780429642,6.0,10.546094181197839,12.470560368905717,462.6698590340625,672500,-3.577665010695928,-42.33129080632346,25.270751888955697,-21.901211538073856,33.44060358110507,0,0,3,0,0,21,21,1,1
679,1954,3,28,9,19809.375,36.00693441553097,139.19766835716092,511,535,1000.2174011624536,1008.2174011624536,8.0,12.064259966595552,11.494781726664442,555.3041529113096,968750,-1.721776880510588,-20.291141023104196,5.5931997290214515,6.13706642219077,8.303461174661267,0,0,0,0,0,24,24,1,1
679,1954,3,28,12,19809.5,35.81524602338233,139.3586290410512,511,536,999.3357559524226,1009.3357559524226,10.0,13.463459877522752,9.505823365783654,680.982903921978,1456875,-0.8816452100309834,-10.438301588632108,4.837880491992589,-7.10492556786055,8.595641626989867,0,0,0,1,0,25,25,1,2
679,1954,3,28,15,19809.625,35.26556922011008,139.4913526423675,512,538,997.5260918315419,1006.6626939249704,9.136602093428518,14.166768188651705,11.146750216177315,622.0493994789887,1215625,-1.8096641208807704,-21.715337231658918,4.0166120901183655,-20.373757272691016,20.765913369967986,0,0,0,0,0,20,21,2,0
679,1954,3,28,18,19809.75,34.981872057293444,138.43705919425452,516,536,996.0208936849616,1005.296878677306,9.275984992344457,14.297858703017539,16.268731653900396,686.6560411951095,1481250,-1.5051981465802238,-18.18943865316714,-32.01724153970277,-10.515228402888397,33.69975940828925,0,0,0,0,0,23,25,2,0
679,1954,3,28,21,19809.875,37.5007310156035,145.6416878763047,487,546,991.2479006158496,1005.2479006158496,14.0,17.79253244959855,7.855368622139141,743.5485751216738,1736875,-2.048978061456437,-23.318659354930134,26.87958460971456,0.6590903147662249,26.887663878325736,0,0,0,0,2,23,23,1,1
679,1954,3,29,0,19810.0,37.713326818407424,146.415839524407,484,547,988.6999036300482,1006.6999036300482,18.0,20.727089858462538,12.27759146804805,848.5146868569581,2261875,-2.5479969858014373,-28.85846293990249,22.699151728353744,7.879858232574612,24.027976505571555,0,0,0,0,0,25,25,1,1
679,1954,3,29,3,19810.125,38.50105678204159,148.63774756306137,475,549,985.3679907287989,1005.3679907287989,20.0,22.084703905826252,15.522062503062116,880.275882424746,2434375,-3.3319129012493067,-37.08127185208801,64.44915819335448,29.197191840674115,70.75429317866978,0,0,0,0,0,27,27,1,1
679,1954,3,29,6,19810.25,38.79906496004941,149.6594829986322,471,550,982.1835892696774,1004.1835892696774,22.0,23.938537655523753,8.21710614318923,900.6072277813852,2548125,-3.1844014591214362,-35.209853327238605,29.514229218709954,11.045665831019399,31.51343300919628,0,0,0,0,0,20,20,1,1
679,1954,3,29,9,19810.375,39.29621441673596,150.56376891013943,467,550,980.118637225919,1004.118637225919,24.0,25.55022930582596,9.853863265017061,922.7561679781069,2675000,-2.0649520437585305,-22.589192406623862,25.93835629230591,18.426832455880923,31.817392751507974,0,0,0,0,0,23,23,1,1
679,1954,3,29,12,19810.5,39.44101428371912,151.37906003791736,464,551,979.7794058019826,1003.7794058019826,24.0,25.987291713328943,14.398444981882495,905.014434076422,2573125,-0.3392314239362895,-3.69955185072239,23.337223674217793,5.367003529111515,23.946413838025244,0,0,0,0,0,26,26,1,1
679,1954,3,29,15,19810.625,39.574675201161305,152.19854122006586,461,552,975.5681980525619,1001.5681980525619,26.0,29.349733814488737,21.163341110681795,854.8216963031908,2295625,-4.211207749420719,-45.7963666530625,23.41208211258799,4.954138636742743,23.930505186448315,0,0,0,0,0,21,21,1,1
679,1954,3,29,18,19810.75,39.69713449561809,153.0219071042273,458,553,971.1520537207136,1001.1520537207136,30.0,33.097870612638566,31.211361670107728,875.0624091748437,2405625,-4.416144331848336,-47.90126841934195,23.481456078394487,4.538950754688637,23.91612120547682,0,0,0,0,0,22,22,1,1
679,1954,3,29,21,19810.875,39.80145059918337,154.4400348281762,453,555,970.0394196823737,1000.0394196823737,30.0,35.030943724226155,26.478112047980247,812.0950039478395,2071875,-1.112634038339893,-12.04218669436965,40.38191227741701,3.8664738279293123,40.56659289419146,0,0,0,0,0,23,23,1,1
679,1954,3,30,0,19811.0,40.30112232660751,156.24073473991672,446,556,972.11856249025,984.11856249025,12.0,32.213813492223565,14.361163032460972,418.17639068008134,549375,2.079142807876342,22.27059188032321,50.90097262508584,18.52032035909586,54.16559129542738,0,0,0,0,0,26,26,1,2
679,1954,3,30,3,19811.125,40.51638224193926,158.17371175728164,439,558,969.9266142091396,993.9266142091396,24.0,33.44072893669593,12.64084705630761,701.1346735649947,1544375,-2.1919482811103808,-23.375513338795376,54.465455987031376,7.978603498275895,55.046743860631324,0,0,0,0,0,21,21,1,2
679,1954,3,30,6,19811.25,41.38551963486639,160.70352544251074,429,558,969.9580735959889,993.3625979008299,23.404524304840887,33.43217441802599,9.16619445502336,692.1389879977901,1505000,0.031459386849310246,0.32967733193105,70.34919788422366,32.214556216858476,77.37433214705503,0,0,0,0,0,22,21,2,0
679,1954,3,30,9,19811.375,44.18680144002589,161.38287125204104,423,548,970.0827402253213,992.0827402253213,22.0,33.06357988560505,9.40352723594202,645.2822017258583,1308125,0.12466662933235056,1.239190560747697,18.055755069656794,103.82944161181602,105.38768066788901,0,0,1,0,0,20,20,1,1
679,1954,3,30,12,19811.5,44.18680144002589,161.38287125204104,423,548,,,,33.06357988560505,,0.0,0,0.0,,0.0,0.0,0.0,0,3,0,0,0,20,20,0,0
686,1954,3,27,18,19808.75,73.29085074537855,41.729512076816434,409,304,1005.6337583967027,1005.6337583967027,0.0,8.11135545154292,5.899387960942185,14.104739588693906,625,,,,,,3,0,0,0,0,6,6,1,1
686,1954,3,27,21,19808.875,72.98604426185774,42.8590986336769,411,304,1006.487458119358,1006.487458119358,0.0,7.969810582742653,6.146492282107211,14.104739588693906,625,0.8536997226554377,6.185314666588523,12.250617799175576,-11.297644858627098,16.664765699317247,0,0,0,0,0,5,5,1,1
686,1954,3,28,0,19809.0,72.49915295600309,42.397437797500196,412,302,1006.5299750247724,1006.5299750247724,0.0,8.804903769061811,4.698642217611268,14.104739588693906,625,0.04251690541437711,0.3088622198605199,-5.145740133221542,-18.046614346127487,18.765898083398547,0,0,0,0,0,6,6,1,1
686,1954,3,28,3,19809.125,72.19029178791722,43.465658500299234,414,302,1007.061383529091,1007.061383529091,0.0,8.719881314357895,4.465425424174464,14.104739588693906,625,0.5314085043185333,3.867023219426112,12.109798185173299,-11.447931642887049,16.66440370927928,0,0,0,0,0,5,5,1,1
686,1954,3,28,6,19809.25,71.71272332261168,44.00365210349508,416,301,1007.4285604974561,1007.4285604974561,0.0,9.14287124496091,5.149626690055884,14.104739588693906,625,0.3671769683652383,2.6791885943748266,6.257010526291908,-17.701063489134274,18.774392916216765,0,0,0,0,0,7,7,1,1
686,1954,3,28,9,19809.375,71.55433827925386,44.50608310138125,417,301,1008.5491546387092,1008.5491546387092,0.0,8.727737413075,6.351026502772729,14.104739588693906,625,1.12059414125295,8.184172742179298,5.892267062177066,-5.870537759256532,8.317573246739306,0,0,0,3,0,6,6,1,1
686,1954,3,28,12,19809.5,71.22782173043788,46.45635863433969,420,302,1009.4003417768623,1013.4003417768623,4.0,9.650241012259347,6.071235609165087,334.67191576366446,351875,0.8511871381531819,6.2285196295789005,23.26135496409815,-12.10232789794187,26.22130765837348,0,0,0,0,0,7,7,1,1
686,1954,3,28,15,19809.625,71.20063183517078,48.39492354211828,422,304,1010.4168898634915,1014.4168898634915,4.0,9.472550652762243,6.489300700487875,346.06949399889504,376250,1.016548086629191,7.439740984525953,23.153972322249643,-1.007792803232868,23.17589438692174,0,0,0,0,0,8,8,1,1
686,1954,3,28,18,19809.75,71.43846623055063,51.39439776522759,424,308,1011.6076710819128,1015.6076710819128,4.0,9.912441587296565,6.682270966511933,341.7307997440064,366875,1.1907812184213253,8.70266669632169,35.38606097375455,8.815326049271784,36.46756482949259,0,0,0,0,0,8,8,1,1
686,1954,3,28,21,19809.875,71.21966078883369,52.78701795463245,426,309,1011.5428358947429,1015.5428358947429,4.0,10.685724809458105,5.891803823490045,331.6863796001769,345625,-0.06483518716995604,-0.47445123746140355,16.617393055426195,-8.110018347048548,18.49081257132825,0,0,0,1,0,6,6,1,2
686,1954,3,29,0,19810.0,69.98312577713122,51.390495314646984,429,304,1014.2040974934248,1016.2040974934248,2.0,9.364822431220572,4.087192900712325,261.98391020896656,215625,2.6612615986818855,19.6231599673909,-17.71761033395342,-45.83213997322824,49.13754949599541,0,0,0,0,0,9,9,1,2
686,1954,3,29,3,19810.125,69.76424073196986,52.68398182973396,431,305,1014.7672044492359,1016.7672044492359,2.0,9.206375993102855,4.160886017496086,279.615567867552,245625,0.5631069558110903,4.157959795930623,16.582415865947713,-8.11296884676954,18.46068198794095,0,0,0,0,0,12,12,1,2
686,1954,3,29,6,19810.25,69.26374027031461,52.94347181059042,433,304,1015.258723593161,1017.2257068416063,1.9669832484453218,8.82652852161754,5.727280652151239,271.3100830783876,231250,0.4915191439251066,3.641222373017933,3.405408037832804,-18.55103737310765,18.86101247342181,0,0,0,0,0,6,7,2,0
686,1954,3,29,9,19810.375,68.57937366066787,53.55183023382006,436,303,1015.4558386027882,1017.2936319227966,1.8377933200084953,8.746665328391126,4.600538798828275,270.9431997691338,230625,0.19711500962715944,1.4669857673447848,8.235053811858089,-25.3660316525517,26.669302073403667,0,0,0,0,0,9,10,2,0
686,1954,3,29,12,19810.5,70.79988593230784,66.8895567699047,438,326,1015.3616578284496,1019.3616578284496,4.0,9.4509946528842,2.8391177502268694,408.7941905733129,525000,0.06802590565290302,0.4990569871152763,25.700027704147917,2.6598553133078906,25.837303541230895,0,0,0,0,2,11,11,1,1
686,1954,3,29,15,19810.625,70.38091215678713,67.40540888336535,440,326,1015.557097242856,1017.557097242856,2.0,8.884648229358902,3.342657208973178,279.9710868514077,246250,0.19543941440642812,1.437496937949708,6.419830521585142,-15.529252745006044,16.80392557541701,0,0,0,0,0,10,10,1,1
686,1954,3,29,18,19810.75,69.7845066056528,66.71764378651028,442,324,1015.3233307975642,1017.3233307975642,2.0,8.72142030561825,3.891798911961887,287.33539066554385,259375,-0.23376644529183976,-1.725897382739918,-8.808762909642912,-22.105757169596714,23.7961930577031,0,0,0,0,0,10,10,1,2
686,1954,3,29,21,19810.875,69.36539925135367,67.2118306864462,444,324,1014.7527890294238,1016.6867132357679,1.9339242063442361,8.325056799622944,4.2296608584312345,303.49781434869413,289375,-0.5705417681403924,-4.223799178791112,6.455028010329429,-15.53420383916268,16.821975969867335,0,0,0,0,0,11,7,2,0
686,1954,3,30,0,19811.0,69.1133641372225,68.82944947796483,446,326,1014.0464534372326,1016.0464534372326,2.0,7.89135177783107,4.634150532632848,274.589974853026,236875,-0.7063355921911716,-5.237826372535319,21.375255562675214,-9.341675342556044,23.327418386426675,0,0,1,0,0,10,10,1,1
686,1954,3,30,3,19811.125,69.1133641372225,68.82944947796483,446,326,,,,7.89135177783107,,0.0,0,0.0,,0.0,0.0,0.0,0,3,0,0,0,10,10,0,0
707,1954,3,29,0,19810.0,37.91646448776102,-103.01376645013164,141,410,997.5130271245357,1009.5130271245357,12.0,17.7334342334704,24.18091349196475,617.3945972431969,1197500,,,,,,3,0,0,0,0,18,18,1,1
707,1954,3,29,3,19810.125,36.307368435545435,-102.13813010393761,134,408,1001.7273232365085,1009.7273232365085,8.0,14.860619009048149,12.420233118880423,547.3656733578504,941250,4.214296111972799,49.3103708524601,26.15419636762217,-59.64110583005355,65.12375520705012,0,0,0,0,0,19,19,1,1
707,1954,3,29,6,19810.25,35.840270333259,-103.05002855366685,133,412,1003.1976891439804,1009.1976891439804,6.0,12.526015236476894,10.17728139570907,469.7111238422398,693125,1.4703659074718598,17.397974174435614,-27.399544318716593,-17.312979739851038,32.411021217262,0,0,0,1,0,14,14,1,2
707,1954,3,29,9,19810.375,34.77107406218496,-100.83524756420307,127,404,1003.1342303254539,1011.1342303254539,8.0,11.959001676731011,12.3235354814343,719.203423968949,1625000,-0.06345881852641469,-0.7709212908799757,67.43107648476902,-39.629733643571086,78.21423057574088,0,0,1,0,0,17,17,1,1
707,1954,3,29,12,19810.5,33.431421917127956,-98.19707576551527,120,394,1006.3755197261241,1011.7633712224557,5.387851496331568,9.718365569692702,5.748547408907252,745.2856844128396,1745000,3.2412894006702118,40.76010598247451,81.60285323974985,-49.65417399961314,95.52257666359304,0,0,0,1,0,18,19,2,0
707,1954,3,29,15,19810.625,36.49914679735591,-93.3664606634298,130,373,1006.3419760417958,1012.3419760417958,6.0,10.982554166040229,9.130946132849276,663.3727592003538,1382500,0.04272441679131589,0.49764300566786657,7.41093915772879,0.569296258851732,7.432773199143136,0,0,1,0,2,13,13,1,1
707,1954,3,29,18,19810.75,36.53865618683462,-92.61954879539468,130,370,1005.1598377786723,1007.1598377786723,2.0,10.215431998584263,10.994725942902587,169.2568750643269,90000,-1.1821382631233428,-13.756425374222616,22.243019503235793,1.4644145549520193,22.29117373782913,0,0,0,0,0,15,15,1,1
707,1954,3,29,21,19810.875,36.59576035888602,-90.62411234620527,130,362,1004.314962475119,1006.314962475119,2.0,9.878015578772759,5.597614076511381,221.67338288487116,154375,-0.8448753035532718,-9.818528778590883,59.37922146950265,2.1165647407843715,59.41693183450468,0,0,0,0,0,15,15,1,1
707,1954,3,30,0,19811.0,38.0048113687099,-86.543380827958,136,346,1004.13630065257,1006.13630065257,2.0,12.151736299592631,9.25021353999422,198.47127856504602,123750,-0.17866182254918386,-2.0103132036718487,119.17099822616902,52.2264412252696,130.112751032626,0,0,0,0,0,12,12,1,1
707,1954,3,30,3,19811.125,38.18518513005743,-85.50284838533223,137,342,1004.8444671942532,1008.8444671942532,4.0,12.13147867153015,13.938144250519324,359.32498880999094,405625,0.708166541683313,7.936397014928787,30.31439277202674,6.68554905388032,31.04285707354507,0,0,2,0,0,9,9,1,2
707,1954,3,30,6,19811.25,39.605556032176345,-79.00005068460342,146,318,1003.6197238293221,1009.6197238293221,6.0,13.63985496168424,9.620319119231427,427.81793388739516,575000,-1.8719768887035024,-20.344255197993537,-8.852111306560042,-7.260827336137855,11.448995073321276,0,0,0,0,2,7,7,1,1
707,1954,3,30,9,19811.375,39.1164798906615,-79.09968184864383,144,318,1003.0985627861211,1011.0985627861211,8.0,13.391657212625326,16.892701512979546,616.1043249922617,1192500,-0.5211610432009911,-5.723118368676038,-2.865134718762017,-18.1275952264489,18.352621220158944,0,0,0,0,0,7,7,1,1
707,1954,3,30,12,19811.5,39.60098023937467,-74.39833846925164,150,301,1005.7285300348798,1011.7285300348798,6.0,11.611891720759571,5.5080075070347085,616.2657567584258,1193125,2.6299672487587666,28.58469570238455,134.24871129249266,17.9579935781413,135.44447577161503,0,0,0,0,0,6,6,1,1
707,1954,3,30,15,19811.625,39.60098023937467,-74.39833846925164,150,301,,,,11.611891720759571,,0.0,0,0.0,,0.0,0.0,0.0,0,3,0,0,0,6,6,0,0
